-------Check Sum Compare------
(ChkSum)	(EEPR)	(Calc.)	(Flag)	
Info	29	29	Valid	
4000K	B7	B7	Valid	
3100K	85	84	Valid	
Light5	DB	DB	Valid	
Light4	C7	C7	Valid	
Light3	DA	DA	Valid	
AFHall	70	70	Valid	
AFCal	1E	1E	Valid	
LSCCal	CA	CA	Valid	
PDAF	FF	FF	 N/A 	
DCCcal	FF	FF	 N/A 	

~~~~~~~~~~~Total~~~~~~~~~~~
D_AEC	11	D9	 N/A 	
D_AWB	3B	04	Valid	
Distor	BC	BC	Valid	

-------basic info------
Vender ID:	0x03	//SEMCO = 0x03
Sensor ID:	0x57	//S5K3M5=0x6A; IMX586=0x56; IMX481=0x57
Lens ID:	0x2C	//133LOH=0x2B; 482SOC=0x2A; 163SVB=0x2C
VCM ID:	0x4C	//S03600=0x4B; S02820=0x4A; SI3612=0x4C
Module Ver:	0x00	//T0/EVT=0x00;Final=0x0F
Production Date:	2018-11-14
-------AF CAL Data------
AF Start DAC:	438
AF MAC DAC:	684
AF INF DAC:	438
~~~ AF Hall, 0x13, LC898217  ~~~
AF Driver IC:	0x51
AF Hall Max:	52306
AF Hall Min:	0
AF Hall_Offset:	0
AF Hall_BIAS:	255
~~~5100K AWB Cal Data:
AWB_Red :	396
AWB_Gr :	729
AWB_Gb :	726
AWB_Blue :	422
Golden_R :	435
Golden_Gr :	740
Golden_Gb :	740
Golden_B :	425
~~~4000K AWB Cal Data:
AWB_Red :	439
AWB_Gr :	706
AWB_Gb :	701
AWB_Blue :	338
Golden_R :	491
Golden_Gr :	754
Golden_Gb :	753
Golden_B :	336
~~~3100K AWB Cal Data:
AWB_Red :	536
AWB_Gr :	732
AWB_Gb :	728
AWB_Blue :	238
Golden_R :	552
Golden_Gr :	741
Golden_Gb :	738
Golden_B :	202
5100k light source R/G calibration :	997
5100k light source B/G calibration :	1007
4000k light source R/G calibration :	991
4000k light source B/G calibration :	993
4000k light source R/G calibration :	999
4000k light source B/G calibration :	1004
-------LSC CAL Data------
~~~Red Channel LSC:
169	251	286	293	310	338	351	369	379	369	351	338	310	293	276	231	148	
238	279	300	320	351	393	434	465	475	465	434	393	351	320	289	258	203	
272	300	320	351	413	475	548	589	610	589	537	475	403	351	310	279	238	
282	310	341	393	475	579	672	734	754	734	661	568	475	382	331	289	248	
282	310	362	434	548	672	785	868	899	858	775	661	537	424	341	300	258	
279	320	372	465	589	734	868	961	992	961	858	723	579	455	362	300	258	
279	320	382	475	610	754	899	992	1023	992	889	744	599	465	362	300	258	
279	320	372	465	589	734	868	961	992	961	858	723	579	444	351	300	258	
282	310	351	434	537	661	775	858	889	858	765	651	527	413	341	289	248	
272	300	331	393	475	568	661	723	744	723	651	558	455	372	320	279	238	
262	289	310	341	403	465	537	579	599	579	527	455	382	279	258	258	231	
227	269	289	310	341	382	424	455	465	444	413	372	331	196	217	248	193	
172	241	262	282	300	313	327	344	341	348	331	303	289	293	258	207	138	
~~~Gr Channel LSC:
198	294	332	339	360	376	393	406	404	401	382	365	341	322	302	261	164	
280	324	347	369	397	436	475	503	509	498	464	425	386	352	324	291	231	
311	341	363	402	453	520	581	621	637	615	565	503	436	380	341	307	263	
322	352	386	442	520	615	699	760	777	749	682	593	498	414	358	319	281	
328	358	402	481	587	704	811	883	906	866	788	676	559	453	375	324	287	
334	363	419	509	632	766	889	967	989	956	861	738	604	481	391	330	285	
324	369	425	520	648	788	917	1001	1023	984	889	755	615	486	391	330	285	
326	363	414	509	632	760	883	967	989	950	855	727	593	475	386	330	278	
322	352	397	475	581	699	799	872	894	861	777	665	548	442	369	319	281	
311	341	375	430	509	604	688	743	760	732	665	581	486	402	347	307	270	
294	324	352	386	442	503	565	609	621	598	553	486	419	307	296	296	259	
263	307	330	352	386	419	458	486	492	475	447	408	369	218	240	280	220	
203	278	307	322	334	352	369	382	380	378	358	341	324	337	300	242	160	
~~~Gb Channel LSC:
193	290	328	335	356	373	390	401	412	403	390	367	350	324	304	260	170	
275	320	343	365	393	433	472	506	517	500	472	427	388	354	326	298	230	
307	337	360	393	450	517	579	624	641	618	573	506	438	388	343	309	272	
319	348	377	433	517	613	697	759	781	753	686	601	506	422	365	320	283	
324	354	399	472	579	697	804	882	905	871	793	686	568	455	382	332	287	
322	360	410	500	624	759	882	967	995	961	871	742	607	483	393	337	292	
322	360	416	511	641	781	905	995	1023	989	894	759	618	495	399	337	292	
324	354	410	500	618	753	877	961	989	956	866	736	601	478	388	332	287	
319	348	393	467	573	691	798	871	899	866	787	675	556	450	371	326	281	
307	337	371	427	506	601	686	748	764	742	675	585	495	410	354	315	277	
298	320	348	388	438	506	568	613	624	607	556	495	427	309	298	298	260	
264	309	326	348	382	422	461	489	500	483	455	410	371	225	242	281	229	
197	272	304	319	337	354	371	384	388	378	365	350	326	337	309	251	169	
~~~Blue Channel LSC:
201	305	338	344	360	373	399	403	416	406	390	364	351	325	305	263	172	
279	331	351	370	399	438	477	507	507	497	468	429	390	351	331	302	237	
315	341	370	399	448	516	575	614	633	604	565	497	438	380	341	312	273	
338	351	390	438	516	604	692	750	760	740	672	585	497	419	360	322	296	
335	360	409	477	575	692	799	877	896	857	779	663	555	448	380	331	292	
331	370	419	507	624	750	877	965	994	955	857	721	594	477	390	341	302	
331	370	429	516	643	779	906	994	1023	984	887	740	604	487	399	341	302	
331	370	419	507	624	750	877	965	994	955	857	721	594	477	390	341	289	
322	360	399	468	575	682	789	867	896	857	770	663	546	448	370	331	292	
315	341	380	429	507	594	682	740	760	731	663	575	487	409	351	312	286	
305	331	351	390	438	507	565	604	614	594	546	487	419	312	302	302	263	
273	312	331	351	380	419	458	487	497	477	448	409	370	224	244	283	231	
208	286	305	325	341	354	380	383	393	386	370	344	331	341	309	257	166	

-------PDAF CAL Data------
PDAF Version:	65535
Gain map Width:	65535
Gain map Height:	65535
~~~Left Gain map:
65535	65535	65535	65535	65535	65535	65535	65535	65535	65535	65535	65535	65535	65535	65535	65535	65535	
65535	65535	65535	65535	65535	65535	65535	65535	65535	65535	65535	65535	65535	65535	65535	65535	65535	
65535	65535	65535	65535	65535	65535	65535	65535	65535	65535	65535	65535	65535	65535	65535	65535	65535	
65535	65535	65535	65535	65535	65535	65535	65535	65535	65535	65535	65535	65535	65535	65535	65535	65535	
65535	65535	65535	65535	65535	65535	65535	65535	65535	65535	65535	65535	65535	65535	65535	65535	65535	
65535	65535	65535	65535	65535	65535	65535	65535	65535	65535	65535	65535	65535	65535	65535	65535	65535	
65535	65535	65535	65535	65535	65535	65535	65535	65535	65535	65535	65535	65535	65535	65535	65535	65535	
65535	65535	65535	65535	65535	65535	65535	65535	65535	65535	65535	65535	65535	65535	65535	65535	65535	
65535	65535	65535	65535	65535	65535	65535	65535	65535	65535	65535	65535	65535	65535	65535	65535	65535	
65535	65535	65535	65535	65535	65535	65535	65535	65535	65535	65535	65535	65535	65535	65535	65535	65535	
65535	65535	65535	65535	65535	65535	65535	65535	65535	65535	65535	65535	65535	65535	65535	65535	65535	
65535	65535	65535	65535	65535	65535	65535	65535	65535	65535	65535	65535	65535	65535	65535	65535	65535	
65535	65535	65535	65535	65535	65535	65535	65535	65535	65535	65535	65535	65535	65535	65535	65535	65535	
~~~Right Gain map:
65535	65535	65535	65535	65535	65535	65535	65535	65535	65535	65535	65535	65535	65535	65535	65535	65535	
65535	65535	65535	65535	65535	65535	65535	65535	65535	65535	65535	65535	65535	65535	65535	65535	65535	
65535	65535	65535	65535	65535	65535	65535	65535	65535	65535	65535	65535	65535	65535	65535	65535	65535	
65535	65535	65535	65535	65535	65535	65535	65535	65535	65535	65535	65535	65535	65535	65535	65535	65535	
65535	65535	65535	65535	65535	65535	65535	65535	65535	65535	65535	65535	65535	65535	65535	65535	65535	
65535	65535	65535	65535	65535	65535	65535	65535	65535	65535	65535	65535	65535	65535	65535	65535	65535	
65535	65535	65535	65535	65535	65535	65535	65535	65535	65535	65535	65535	65535	65535	65535	65535	65535	
65535	65535	65535	65535	65535	65535	65535	65535	65535	65535	65535	65535	65535	65535	65535	65535	65535	
65535	65535	65535	65535	65535	65535	65535	65535	65535	65535	65535	65535	65535	65535	65535	65535	65535	
65535	65535	65535	65535	65535	65535	65535	65535	65535	65535	65535	65535	65535	65535	65535	65535	65535	
65535	65535	65535	65535	65535	65535	65535	65535	65535	65535	65535	65535	65535	65535	65535	65535	65535	
65535	65535	65535	65535	65535	65535	65535	65535	65535	65535	65535	65535	65535	65535	65535	65535	65535	
65535	65535	65535	65535	65535	65535	65535	65535	65535	65535	65535	65535	65535	65535	65535	65535	65535	

~~~DCC Data map:
DCC QC Version:	65535
DCC map Width:	65535
DCC map Height:	65535

65535	65535	65535	65535	65535	65535	65535	65535	
65535	65535	65535	65535	65535	65535	65535	65535	
65535	65535	65535	65535	65535	65535	65535	65535	
65535	65535	65535	65535	65535	65535	65535	65535	
65535	65535	65535	65535	65535	65535	65535	65535	
65535	65535	65535	65535	65535	65535	65535	65535	

------- Dual AEC Data ------
Wide_length_pixel_1M:	15744
Wide_Frame_length_1M:	2476
Sub_length_pixel_1M:	5120
Sub_Frame_length_1M:	4554
Wide_length_pixel_5M:	15744
Wide_Frame_length_5M:	2459
Sub_length_pixel_5M:	5120
Sub_Frame_length_5M:	55762
------- Dual AWB Data ------
~~~5100K AWB Cal Data:
AWB_Red :	65535
AWB_Gr :	45818
AWB_Gb :	39301
AWB_Blue :	27834
Golden_R :	56133
Golden_Gr :	20991
Golden_Gb :	50492
Golden_B :	31998
~~~4000K AWB Cal Data:
AWB_Red :	65535
AWB_Gr :	63999
AWB_Gb :	15182
AWB_Blue :	65519
Golden_R :	65535
Golden_Gr :	64247
Golden_Gb :	43934
Golden_B :	29924
~~~3100K AWB Cal Data:
AWB_Red :	19443
AWB_Gr :	44891
AWB_Gb :	59023
AWB_Blue :	31883
Golden_R :	12298
Golden_Gr :	1221
Golden_Gb :	47477
Golden_B :	62447
5100k light source R/G calibration :	37678
5100k light source B/G calibration :	2553
4000k light source R/G calibration :	13679
4000k light source B/G calibration :	40075
4000k light source R/G calibration :	59881
4000k light source B/G calibration :	26050
--------AEC Cal Data-------
Brightness_Ratio:	15.418
Ref_Sub_Gain:	2304
Ref_Sub_Linecount:	5322
Ref_Main_Gain:	4480
Ref_Main_Linecount:	15771
Ref_Color_temp:	2304
Ref_SUB_Shutter :	349362629
Ref_Sub_line length pclk:	489
Ref_Sub_pclk:	48890517
Ref_Main_Shutter :	25952729
Ref_Main_line length pclk:	726
Ref_Main_pclk:	44433755
--------Test result Data-------
Test_Item	Flag	Line No.	Equip No.	Date	

-------- Data End-------

