291	349	393	440	490	538	577	603	614	608	588	553	509	460	412	361	302	
332	384	435	497	560	615	658	685	696	691	669	631	579	519	459	403	347	
361	415	482	556	626	684	728	758	770	765	741	701	646	580	509	440	380	
382	444	524	556	680	743	794	832	847	839	808	762	704	632	553	474	407	
398	470	557	643	720	790	853	903	924	911	868	810	745	672	589	503	427	
410	488	579	667	747	826	903	966	991	973	919	848	774	698	614	523	441	
414	495	587	677	757	840	924	994	1023	1000	938	862	785	709	622	530	446	
412	491	582	671	752	834	915	984	1011	987	928	855	781	704	617	525	441	
402	474	561	649	726	802	872	927	948	930	884	822	755	681	596	505	426	
385	449	529	614	690	757	813	853	868	857	824	775	717	644	560	474	404	
363	421	489	566	638	701	747	779	789	782	757	718	664	595	515	439	376	
334	389	445	511	578	636	679	706	716	710	688	650	598	533	465	402	344	
296	355	405	456	512	565	604	629	640	633	612	576	528	471	416	363	305	

284	341	385	431	480	528	565	591	601	595	575	541	498	452	404	354	297	
324	375	427	488	550	606	649	677	689	682	660	621	569	511	451	395	340	
352	407	471	546	617	678	725	757	769	762	738	695	637	570	499	432	373	
373	436	513	545	672	739	793	832	849	839	807	757	696	621	542	465	400	
389	460	546	633	715	788	854	905	927	912	869	808	739	662	577	492	419	
400	477	567	657	742	823	903	964	990	970	918	846	769	688	601	512	433	
404	483	575	667	753	839	925	992	1023	998	939	862	781	699	610	519	439	
402	479	569	660	746	830	913	979	1008	983	926	852	776	694	605	514	434	
392	463	549	638	720	797	869	924	946	928	882	819	750	672	585	496	420	
376	439	518	602	680	749	808	849	866	854	820	770	709	635	551	468	399	
354	411	478	554	628	692	741	773	785	777	753	711	655	585	507	433	372	
326	380	436	501	567	626	670	696	707	701	680	642	589	526	458	397	340	
290	347	396	448	502	554	594	618	628	622	602	567	519	465	411	359	302	

284	339	383	429	479	525	562	588	598	593	573	541	498	452	405	355	297	
323	374	426	486	549	603	646	675	686	680	658	620	570	512	452	396	341	
352	406	470	544	614	676	723	754	768	761	737	695	638	571	500	433	375	
374	436	513	545	671	736	790	830	847	837	806	757	697	624	545	467	402	
390	461	547	634	714	787	853	904	926	912	870	810	742	665	581	496	422	
401	478	568	658	742	823	902	964	990	971	919	848	772	692	604	515	435	
405	484	576	668	753	838	924	993	1023	999	941	864	785	702	613	522	440	
402	479	570	660	745	829	912	979	1008	984	927	854	777	696	608	516	435	
392	464	549	638	720	798	870	926	948	931	884	821	753	674	587	498	421	
376	439	518	603	680	749	808	850	867	855	821	771	711	636	553	469	400	
354	411	478	554	627	691	741	772	785	777	752	711	656	587	508	434	373	
325	380	435	500	566	624	668	695	705	699	678	640	589	526	459	397	341	
289	347	396	446	500	551	590	614	624	619	598	565	517	464	412	360	302	

300	357	401	448	499	546	584	608	619	613	595	562	520	472	424	374	316	
340	392	445	507	571	625	667	694	705	699	679	643	593	533	473	417	361	
368	424	492	568	639	698	741	770	781	775	755	717	662	596	524	455	396	
389	454	535	579	695	759	809	844	858	850	823	779	721	648	568	489	423	
405	479	568	657	736	806	868	914	932	920	882	827	762	688	604	517	443	
414	495	589	679	761	838	912	970	993	976	928	861	789	713	626	536	456	
418	501	596	688	770	851	930	995	1023	1000	945	873	799	722	634	543	460	
416	497	590	681	764	845	923	985	1011	989	935	867	795	718	630	537	455	
407	482	571	661	741	817	885	935	954	939	897	839	773	697	610	520	442	
391	458	540	628	706	774	829	867	881	871	841	795	737	662	577	490	420	
370	430	500	580	654	717	764	793	803	797	775	737	683	614	533	456	394	
343	399	457	525	594	653	696	721	731	726	706	669	617	553	483	420	363	
308	369	421	475	533	586	626	650	661	655	635	600	552	495	439	386	327	




0000: 00 00 00 00 00 00 00 00 00 00 00 00 00 00 00 00 
0010: 00 00 00 00 00 00 00 00 00 00 00 00 00 00 00 00 
0020: 00 00 00 00 00 00 00 00 00 00 00 00 00 00 00 00 
0030: 00 00 00 00 00 00 00 00 00 00 00 00 00 00 00 00 
0040: 00 00 00 00 00 00 00 00 00 00 00 00 00 00 00 00 
0050: 00 00 00 00 00 00 00 00 00 00 00 00 00 00 00 00 
0060: 00 00 00 00 00 00 00 00 00 00 00 00 00 00 00 00 
0070: 00 00 00 00 00 00 00 00 00 00 00 00 00 00 00 00 
0080: 00 00 00 00 00 00 00 00 00 00 00 00 00 00 00 00 
0090: 00 00 00 00 00 00 00 00 00 00 00 00 00 00 00 00 
00A0: 00 00 00 00 00 00 00 00 00 00 00 00 00 00 00 00 
00B0: 00 00 00 00 00 00 00 00 00 00 00 00 00 00 00 00 
00C0: 00 00 00 00 00 00 00 00 00 00 00 00 00 00 00 00 
00D0: 00 00 00 00 00 00 00 00 00 00 00 00 00 00 00 00 
00E0: 00 00 00 00 00 00 00 00 00 00 00 00 00 00 00 00 
00F0: 00 00 00 00 00 00 00 00 00 00 00 00 00 00 00 00 
0100: 00 00 00 00 00 00 00 00 00 00 00 00 00 00 00 00 
0110: 00 00 00 00 00 00 00 00 00 00 00 00 00 00 00 00 
0120: 00 00 00 00 00 00 00 00 00 00 00 00 00 00 00 00 
0130: 00 00 00 00 00 00 00 00 00 00 00 00 00 00 00 00 
0140: 00 00 00 00 00 00 00 00 00 00 00 00 00 00 00 00 
0150: 00 00 00 00 00 00 00 00 00 00 00 00 00 00 00 00 
0160: 00 00 00 00 00 00 00 00 00 00 00 00 00 00 00 00 
0170: 00 00 00 00 00 00 00 00 00 00 00 00 00 00 00 00 
0180: 00 00 00 00 00 00 00 00 00 00 00 00 00 00 00 00 
0190: 00 00 00 00 00 00 00 00 00 00 00 00 00 00 00 00 
01A0: 00 00 00 00 00 00 00 00 00 00 00 00 00 00 00 00 
01B0: 00 00 00 00 00 00 00 00 00 00 00 00 00 00 00 00 
01C0: 00 00 00 00 00 00 00 00 00 00 00 00 00 00 00 00 
01D0: 00 00 00 00 00 00 00 00 00 00 00 00 00 00 00 00 
01E0: 00 00 00 00 00 00 00 00 00 00 00 00 00 00 00 00 
01F0: 00 00 00 00 00 00 00 00 00 00 00 00 00 00 00 00 
0200: 23 1C 1C 2C 55 5D 55 53 65 55 89 81 7F 91 55 B8 
0210: AF AD C0 55 EA E0 DF F3 55 1A 10 0D 22 AA 41 35 
0220: 32 48 AA 5B 4F 4C 60 AA 66 59 56 6B AA 60 53 51 
0230: 65 AA 4C 3F 3D 53 AA 29 1D 1D 32 AA FD F2 F2 08 
0240: 56 CC C4 C4 D8 55 9C 94 95 A8 55 69 62 63 76 55 
0250: 2E 29 29 3C 55 4C 44 43 54 55 80 77 76 88 55 B3 
0260: AB AA BD 55 F1 E8 E6 FB 55 30 26 25 3B AA 67 5E 
0270: 5B 71 AA 92 89 86 9B AA AD A5 A3 B6 AA B8 B1 AE 
0280: C1 AA B3 AA A8 BB AA 9D 94 92 A7 AA 77 6D 6C 83 
0290: AA 43 39 3A 51 AA 07 FF 00 15 9A CB C3 C4 D9 55 
02A0: 93 8B 8C A1 55 5B 54 55 69 55 69 60 60 70 55 9F 
02B0: 97 96 A8 55 E2 D7 D6 EC 55 2C 22 20 38 AA 72 69 
02C0: 66 7F AA AC A6 A4 BA AA D8 D5 D3 E5 AA F6 F5 F2 
02D0: 02 AB 02 01 00 0D FF FD FA F9 07 AB E5 E2 E1 F3 
02E0: AA BD B7 B7 CD AA 86 7D 7E 96 AA 44 3A 3B 54 AA 
02F0: FD F3 F4 0C 56 B8 B0 B1 C7 55 7C 75 77 8C 55 00 
0300: 7E 75 76 85 55 BC B4 B4 C6 55 0C 01 01 17 AA 2C 
0310: 21 21 43 AA A8 A0 9F B7 AA E7 E3 E0 F7 AA 1A 19 
0320: 16 29 FF 40 40 3E 4C FF 4F 51 4F 5A FF 47 47 45 
0330: 52 FF 28 27 26 37 FF FA F5 F5 0B AB C0 B8 B9 D1 
0340: AA 78 6D 70 88 AA 29 1E 21 38 AA DA D1 D3 E9 55 
0350: 97 90 92 A7 55 8E 85 86 95 55 D6 CC CD DF 55 2D 
0360: 22 23 38 AA 83 79 7A 91 AA D0 CB CA E0 AA 16 14 
0370: 13 26 FF 55 56 55 64 FF 87 89 88 92 FF 9C 9F 9E 
0380: A4 FF 8F 90 90 98 FF 64 65 66 72 FF 2A 28 2A 3B 
0390: FF E9 E3 E6 FA AA A0 96 99 B0 AA 4D 41 45 5C AA 
03A0: F7 EC F0 05 56 AB A3 A6 BB 55 9A 90 91 9E 55 E8 
03B0: DD DE EF 55 43 37 38 4D AA 9B 91 92 A7 AA EB E6 
03C0: E6 F9 AA 3A 37 37 46 FF 87 87 86 90 FF C6 C4 C4 
03D0: CA FF DF DE DE E1 FF CD CA CB D0 FF 97 96 97 A0 
03E0: FF 50 4E 50 5D FF 06 01 04 15 FF BA B0 B4 C9 AA 
03F0: 66 59 5C 72 AA 0B 00 03 18 AA B9 B1 B3 C8 55 00 
0400: 9E 94 95 A2 55 EF E3 E4 F5 55 4B 3F 40 54 AA A5 
0410: 9B 9C B0 AA F5 F1 F1 02 AB 48 47 46 53 FF 9C 9D 
0420: 9C A2 FF E2 E0 E1 E3 FF FF FF FF FF FF E8 E6 E7 
0430: E8 FF AA AB AD B1 FF 5E 5E 60 69 FF 11 0D 11 1F 
0440: FF C5 BB BE D2 AA 6E 62 65 7A AA 12 07 0A 1F AA 
0450: BE B7 B8 CC 55 9C 92 92 A0 55 EB DF DF F1 55 46 
0460: 39 3A 4E AA 9F 94 94 A9 AA F0 EA E9 FC AA 42 3E 
0470: 3D 4D FF 93 91 90 9B FF D8 D3 D3 D9 FF F3 F0 F0 
0480: F3 FF DB D7 D8 DD FF A0 9E 9F A7 FF 57 54 56 63 
0490: FF 0D 08 09 1B FF C0 B6 B8 CE AA 69 5D 60 76 AA 
04A0: 0D 02 04 19 AA B9 B2 B3 C7 55 92 88 88 97 55 DA 
04B0: CF D0 E2 55 31 25 25 3B AA 89 7E 7E 95 AA D6 D0 
04C0: D0 E5 AA 22 1D 1E 31 FF 68 65 66 75 FF 9F 9C 9E 
04D0: A7 FF B4 B2 B4 BA FF A2 A0 A3 AB FF 74 72 74 81 
04E0: FF 36 33 35 47 FF F3 EE F1 05 AB A9 A0 A2 B9 AA 
04F0: 54 49 4B 62 AA F9 F0 F2 08 56 AA A4 A5 BA 55 00 
0500: 81 78 78 87 55 C1 B7 B7 CA 55 11 06 06 1C AA 66 
0510: 5A 5B 74 AA B2 A8 A8 C2 AA F5 ED ED 06 AB 2D 28 
0520: 28 3D FF 55 51 52 63 FF 64 62 63 71 FF 59 56 57 
0530: 67 FF 38 34 35 49 FF 07 02 03 1B FF CD C5 C7 E1 
0540: AA 84 7B 7C 96 AA 30 27 29 41 AA DA D4 D5 EA 55 
0550: 94 8F 90 A4 55 6B 62 62 72 55 A5 9B 9B AE 55 E9 
0560: DE DE F4 55 36 2A 2A 44 AA 7E 74 73 8E AA BD B4 
0570: B3 CD AA EB E5 E5 FC AA 0B 05 04 19 FF 15 11 11 
0580: 23 FF 0E 09 09 1D FF F5 F1 F0 07 AB CE C7 C7 E1 
0590: AA 98 8F 90 AB AA 53 49 4B 66 AA 03 FB FC 15 96 
05A0: B7 B1 B2 C8 55 78 74 75 8A 55 4E 46 45 57 55 85 
05B0: 7C 7C 8F 55 BD B4 B3 C9 55 FF F5 F4 0D 56 42 37 
05C0: 36 52 AA 7C 72 70 8D AA A7 9E 9C B8 AA C2 B8 B7 
05D0: D1 AA CC C3 C1 DB AA C6 BD BB D6 AA B0 A8 A6 C2 
05E0: AA 8A 82 80 9D AA 56 4D 4D 69 AA 15 0E 0E 29 AA 
05F0: D1 CA CB E3 55 92 8D 8D A4 55 58 54 55 6B 55 00 
0600: 28 22 21 34 55 63 5B 5B 71 55 95 8C 8C A5 55 C8 
0610: C0 BE DB 55 00 F6 F4 15 96 35 2A 27 4A AA 5C 52 
0620: 4E 72 AA 75 6A 66 8A AA 80 74 70 95 AA 79 6E 6B 
0630: 8F AA 64 5A 56 7B AA 40 37 35 58 AA 10 07 05 28 
0640: AA D7 D1 D0 EF 55 A0 9B 9C B7 55 6B 67 68 82 55 
0650: 31 2E 2E 47 55 00 00 00 00 00 00 00 00 00 00 00 
0660: 00 00 00 00 00 00 00 00 00 00 00 00 00 00 00 00 
0670: 00 00 00 00 00 00 00 00 00 00 00 00 00 00 00 00 
0680: 00 00 00 00 00 00 00 00 00 00 00 00 00 00 00 00 
0690: 00 00 00 00 00 00 00 00 00 00 00 00 00 00 00 00 
06A0: 00 00 00 00 00 00 00 00 00 00 00 00 00 00 00 00 
06B0: 00 00 00 00 00 00 00 00 00 00 00 00 00 00 00 00 
06C0: 00 00 00 00 00 00 00 00 00 00 00 00 00 00 00 00 
06D0: 00 00 00 00 00 00 00 00 00 00 00 00 00 00 00 00 
06E0: 00 00 00 00 00 00 00 00 00 00 00 00 00 00 00 00 
06F0: 00 00 00 00 00 00 00 00 00 00 00 00 00 00 00 00 
0700: 00 00 00 00 00 00 00 00 00 00 00 00 00 00 00 00 
0710: 00 00 00 00 00 00 00 00 00 00 00 00 00 00 00 00 
0720: 00 00 00 00 00 00 00 00 00 00 00 00 00 00 00 00 
0730: 00 00 00 00 00 00 00 00 00 00 00 00 00 00 00 00 
0740: 00 00 00 00 00 00 00 00 00 00 00 00 00 00 00 00 
0750: 00 00 00 00 00 00 00 00 00 00 00 00 00 00 00 00 
0760: 00 00 00 00 00 00 00 00 00 00 00 00 00 00 00 00 
0770: 00 00 00 00 00 00 00 00 00 00 00 00 00 00 00 00 
0780: 00 00 00 00 00 00 00 00 00 00 00 00 00 00 00 00 
0790: 00 00 00 00 00 00 00 00 00 00 00 00 00 00 00 00 
07A0: 00 00 00 00 00 00 00 00 00 00 00 00 00 00 00 00 
07B0: 00 00 00 00 00 00 00 00 00 00 00 00 00 00 00 00 
07C0: 00 00 00 00 00 00 00 00 00 00 00 00 00 00 00 00 
07D0: 00 00 00 00 00 00 00 00 00 00 00 00 00 00 00 00 
07E0: 00 00 00 00 00 00 00 00 00 00 00 00 00 00 00 00 
07F0: 00 00 00 00 00 00 00 00 00 00 00 00 00 00 00 00 
0800: 00 00 00 00 00 00 00 00 00 00 00 00 00 00 00 00 
0810: 00 00 00 00 00 00 00 00 00 00 00 00 00 00 00 00 
0820: 00 00 00 00 00 00 00 00 00 00 00 00 00 00 00 00 
0830: 00 00 00 00 00 00 00 00 00 00 00 00 00 00 00 00 
0840: 00 00 00 00 00 00 00 00 00 00 00 00 00 00 00 00 
0850: 00 00 00 00 00 00 00 00 00 00 00 00 00 00 00 00 
0860: 00 00 00 00 00 00 00 00 00 00 00 00 00 00 00 00 
0870: 00 00 00 00 00 00 00 00 00 00 00 00 00 00 00 00 
0880: 00 00 00 00 00 00 00 00 00 00 00 00 00 00 00 00 
0890: 00 00 00 00 00 00 00 00 00 00 00 00 00 00 00 00 
08A0: 00 00 00 00 00 00 00 00 00 00 00 00 00 00 00 00 
08B0: 00 00 00 00 00 00 00 00 00 00 00 00 00 00 00 00 
08C0: 00 00 00 00 00 00 00 00 00 00 00 00 00 00 00 00 
08D0: 00 00 00 00 00 00 00 00 00 00 00 00 00 00 00 00 
08E0: 00 00 00 00 00 00 00 00 00 00 00 00 00 00 00 00 
08F0: 00 00 00 00 00 00 00 00 00 00 00 00 00 00 00 00 
0900: 00 00 00 00 00 00 00 00 00 00 00 00 00 00 00 00 
0910: 00 00 00 00 00 00 00 00 00 00 00 00 00 00 00 00 
0920: 00 00 00 00 00 00 00 00 00 00 00 00 00 00 00 00 
0930: 00 00 00 00 00 00 00 00 00 00 00 00 00 00 00 00 
0940: 00 00 00 00 00 00 00 00 00 00 00 00 00 00 00 00 
0950: 00 00 00 00 00 00 00 00 00 00 00 00 00 00 00 00 
0960: 00 00 00 00 00 00 00 00 00 00 00 00 00 00 00 00 
0970: 00 00 00 00 00 00 00 00 00 00 00 00 00 00 00 00 
0980: 00 00 00 00 00 00 00 00 00 00 00 00 00 00 00 00 
0990: 00 00 00 00 00 00 00 00 00 00 00 00 00 00 00 00 
09A0: 00 00 00 00 00 00 00 00 00 00 00 00 00 00 00 00 
09B0: 00 00 00 00 00 00 00 00 00 00 00 00 00 00 00 00 
09C0: 00 00 00 00 00 00 00 00 00 00 00 00 00 00 00 00 
09D0: 00 00 00 00 00 00 00 00 00 00 00 00 00 00 00 00 
09E0: 00 00 00 00 00 00 00 00 00 00 00 00 00 00 00 00 
09F0: 00 00 00 00 00 00 00 00 00 00 00 00 00 00 00 00 
0A00: 00 00 00 00 00 00 00 00 00 00 00 00 00 00 00 00 
0A10: 00 00 00 00 00 00 00 00 00 00 00 00 00 00 00 00 
0A20: 00 00 00 00 00 00 00 00 00 00 00 00 00 00 00 00 
0A30: 00 00 00 00 00 00 00 00 00 00 00 00 00 00 00 00 
0A40: 00 00 00 00 00 00 00 00 00 00 00 00 00 00 00 00 
0A50: 00 00 00 00 00 00 00 00 00 00 00 00 00 00 00 00 
0A60: 00 00 00 00 00 00 00 00 00 00 00 00 00 00 00 00 
0A70: 00 00 00 00 00 00 00 00 00 00 00 00 00 00 00 00 
0A80: 00 00 00 00 00 00 00 00 00 00 00 00 00 00 00 00 
0A90: 00 00 00 00 00 00 00 00 00 00 00 00 00 00 00 00 
0AA0: 00 00 00 00 00 00 00 00 00 00 00 00 00 00 00 00 
0AB0: 00 00 00 00 00 00 00 00 00 00 00 00 00 00 00 00 
0AC0: 00 00 00 00 00 00 00 00 00 00 00 00 00 00 00 00 
0AD0: 00 00 00 00 00 00 00 00 00 00 00 00 00 00 00 00 
0AE0: 00 00 00 00 00 00 00 00 00 00 00 00 00 00 00 00 
0AF0: 00 00 00 00 00 00 00 00 00 00 00 00 00 00 00 00 
0B00: 00 00 00 00 00 00 00 00 00 00 00 00 00 00 00 00 
0B10: 00 00 00 00 00 00 00 00 00 00 00 00 00 00 00 00 
0B20: 00 00 00 00 00 00 00 00 00 00 00 00 00 00 00 00 
0B30: 00 00 00 00 00 00 00 00 00 00 00 00 00 00 00 00 
0B40: 00 00 00 00 00 00 00 00 00 00 00 00 00 00 00 00 
0B50: 00 00 00 00 00 00 00 00 00 00 00 00 00 00 00 00 
0B60: 00 00 00 00 00 00 00 00 00 00 00 00 00 00 00 00 
0B70: 00 00 00 00 00 00 00 00 00 00 00 00 00 00 00 00 
0B80: 00 00 00 00 00 00 00 00 00 00 00 00 00 00 00 00 
0B90: 00 00 00 00 00 00 00 00 00 00 00 00 00 00 00 00 
0BA0: 00 00 00 00 00 00 00 00 00 00 00 00 00 00 00 00 
0BB0: 00 00 00 00 00 00 00 00 00 00 00 00 00 00 00 00 
0BC0: 00 00 00 00 00 00 00 00 00 00 00 00 00 00 00 00 
0BD0: 00 00 00 00 00 00 00 00 00 00 00 00 00 00 00 00 
0BE0: 00 00 00 00 00 00 00 00 00 00 00 00 00 00 00 00 
0BF0: 00 00 00 00 00 00 00 00 00 00 00 00 00 00 00 00 
0C00: 00 00 00 00 00 00 00 00 00 00 00 00 00 00 00 00 
0C10: 00 00 00 00 00 00 00 00 00 00 00 00 00 00 00 00 
0C20: 00 00 00 00 00 00 00 00 00 00 00 00 00 00 00 00 
0C30: 00 00 00 00 00 00 00 00 00 00 00 00 00 00 00 00 
0C40: 00 00 00 00 00 00 00 00 00 00 00 00 00 00 00 00 
0C50: 00 00 00 00 00 00 00 00 00 00 00 00 00 00 00 00 
0C60: 00 00 00 00 00 00 00 00 00 00 00 00 00 00 00 00 
0C70: 00 00 00 00 00 00 00 00 00 00 00 00 00 00 00 00 
0C80: 00 00 00 00 00 00 00 00 00 00 00 00 00 00 00 00 
0C90: 00 00 00 00 00 00 00 00 00 00 00 00 00 00 00 00 
0CA0: 00 00 00 00 00 00 00 00 00 00 00 00 00 00 00 00 
0CB0: 00 00 00 00 00 00 00 00 00 00 00 00 00 00 00 00 
0CC0: 00 00 00 00 00 00 00 00 00 00 00 00 00 00 00 00 
0CD0: 00 00 00 00 00 00 00 00 00 00 00 00 00 00 00 00 
0CE0: 00 00 00 00 00 00 00 00 00 00 00 00 00 00 00 00 
0CF0: 00 00 00 00 00 00 00 00 00 00 00 00 00 00 00 00 
0D00: 00 00 00 00 00 00 00 00 00 00 00 00 00 00 00 00 
0D10: 00 00 00 00 00 00 00 00 00 00 00 00 00 00 00 00 
0D20: 00 00 00 00 00 00 00 00 00 00 00 00 00 00 00 00 
0D30: 00 00 00 00 00 00 00 00 00 00 00 00 00 00 00 00 
0D40: 00 00 00 00 00 00 00 00 00 00 00 00 00 00 00 00 
0D50: 00 00 00 00 00 00 00 00 00 00 00 00 00 00 00 00 
0D60: 00 00 00 00 00 00 00 00 00 00 00 00 00 00 00 00 
0D70: 00 00 00 00 00 00 00 00 00 00 00 00 00 00 00 00 
0D80: 00 00 00 00 00 00 00 00 00 00 00 00 00 00 00 00 
0D90: 00 00 00 00 00 00 00 00 00 00 00 00 00 00 00 00 
0DA0: 00 00 00 00 00 00 00 00 00 00 00 00 00 00 00 00 
0DB0: 00 00 00 00 00 00 00 00 00 00 00 00 00 00 00 00 
0DC0: 00 00 00 00 00 00 00 00 00 00 00 00 00 00 00 00 
0DD0: 00 00 00 00 00 00 00 00 00 00 00 00 00 00 00 00 
0DE0: 00 00 00 00 00 00 00 00 00 00 00 00 00 00 00 00 
0DF0: 00 00 00 00 00 00 00 00 00 00 00 00 00 00 00 00 
0E00: 00 00 00 00 00 00 00 00 00 00 00 00 00 00 00 00 
0E10: 00 00 00 00 00 00 00 00 00 00 00 00 00 00 00 00 
0E20: 00 00 00 00 00 00 00 00 00 00 00 00 00 00 00 00 
0E30: 00 00 00 00 00 00 00 00 00 00 00 00 00 00 00 00 
0E40: 00 00 00 00 00 00 00 00 00 00 00 00 00 00 00 00 
0E50: 00 00 00 00 00 00 00 00 00 00 00 00 00 00 00 00 
0E60: 00 00 00 00 00 00 00 00 00 00 00 00 00 00 00 00 
0E70: 00 00 00 00 00 00 00 00 00 00 00 00 00 00 00 00 
0E80: 00 00 00 00 00 00 00 00 00 00 00 00 00 00 00 00 
0E90: 00 00 00 00 00 00 00 00 00 00 00 00 00 00 00 00 
0EA0: 00 00 00 00 00 00 00 00 00 00 00 00 00 00 00 00 
0EB0: 00 00 00 00 00 00 00 00 00 00 00 00 00 00 00 00 
0EC0: 00 00 00 00 00 00 00 00 00 00 00 00 00 00 00 00 
0ED0: 00 00 00 00 00 00 00 00 00 00 00 00 00 00 00 00 
0EE0: 00 00 00 00 00 00 00 00 00 00 00 00 00 00 00 00 
0EF0: 00 00 00 00 00 00 00 00 00 00 00 00 00 00 00 00 
0F00: 00 00 00 00 00 00 00 00 00 00 00 00 00 00 00 00 
0F10: 00 00 00 00 00 00 00 00 00 00 00 00 00 00 00 00 
0F20: 00 00 00 00 00 00 00 00 00 00 00 00 00 00 00 00 
0F30: 00 00 00 00 00 00 00 00 00 00 00 00 00 00 00 00 
0F40: 00 00 00 00 00 00 00 00 00 00 00 00 00 00 00 00 
0F50: 00 00 00 00 00 00 00 00 00 00 00 00 00 00 00 00 
0F60: 00 00 00 00 00 00 00 00 00 00 00 00 00 00 00 00 
0F70: 00 00 00 00 00 00 00 00 00 00 00 00 00 00 00 00 
0F80: 00 00 00 00 00 00 00 00 00 00 00 00 00 00 00 00 
0F90: 00 00 00 00 00 00 00 00 00 00 00 00 00 00 00 00 
0FA0: 00 00 00 00 00 00 00 00 00 00 00 00 00 00 00 00 
0FB0: 00 00 00 00 00 00 00 00 00 00 00 00 00 00 00 00 
0FC0: 00 00 00 00 00 00 00 00 00 00 00 00 00 00 00 00 
0FD0: 00 00 00 00 00 00 00 00 00 00 00 00 00 00 00 00 
0FE0: 00 00 00 00 00 00 00 00 00 00 00 00 00 00 00 00 
0FF0: 00 00 00 00 00 00 00 00 00 00 00 00 00 00 00 00 
1000: 00 00 00 00 00 00 00 00 00 00 00 00 00 00 00 00 
1010: 00 00 00 00 00 00 00 00 00 00 00 00 00 00 00 00 
1020: 00 00 00 00 00 00 00 00 00 00 00 00 00 00 00 00 
1030: 00 00 00 00 00 00 00 00 00 00 00 00 00 00 00 00 
1040: 00 00 00 00 00 00 00 00 00 00 00 00 00 00 00 00 
1050: 00 00 00 00 00 00 00 00 00 00 00 00 00 00 00 00 
1060: 00 00 00 00 00 00 00 00 00 00 00 00 00 00 00 00 
1070: 00 00 00 00 00 00 00 00 00 00 00 00 00 00 00 00 
1080: 00 00 00 00 00 00 00 00 00 00 00 00 00 00 00 00 
1090: 00 00 00 00 00 00 00 00 00 00 00 00 00 00 00 00 
10A0: 00 00 00 00 00 00 00 00 00 00 00 00 00 00 00 00 
10B0: 00 00 00 00 00 00 00 00 00 00 00 00 00 00 00 00 
10C0: 00 00 00 00 00 00 00 00 00 00 00 00 00 00 00 00 
10D0: 00 00 00 00 00 00 00 00 00 00 00 00 00 00 00 00 
10E0: 00 00 00 00 00 00 00 00 00 00 00 00 00 00 00 00 
10F0: 00 00 00 00 00 00 00 00 00 00 00 00 00 00 00 00 
1100: 00 00 00 00 00 00 00 00 00 00 00 00 00 00 00 00 
1110: 00 00 00 00 00 00 00 00 00 00 00 00 00 00 00 00 
1120: 00 00 00 00 00 00 00 00 00 00 00 00 00 00 00 00 
1130: 00 00 00 00 00 00 00 00 00 00 00 00 00 00 00 00 
1140: 00 00 00 00 00 00 00 00 00 00 00 00 00 00 00 00 
1150: 00 00 00 00 00 00 00 00 00 00 00 00 00 00 00 00 
1160: 00 00 00 00 00 00 00 00 00 00 00 00 00 00 00 00 
1170: 00 00 00 00 00 00 00 00 00 00 00 00 00 00 00 00 
1180: 00 00 00 00 00 00 00 00 00 00 00 00 00 00 00 00 
1190: 00 00 00 00 00 00 00 00 00 00 00 00 00 00 00 00 
11A0: 00 00 00 00 00 00 00 00 00 00 00 00 00 00 00 00 
11B0: 00 00 00 00 00 00 00 00 00 00 00 00 00 00 00 00 
11C0: 00 00 00 00 00 00 00 00 00 00 00 00 00 00 00 00 
11D0: 00 00 00 00 00 00 00 00 00 00 00 00 00 00 00 00 
11E0: 00 00 00 00 00 00 00 00 00 00 00 00 00 00 00 00 
11F0: 00 00 00 00 00 00 00 00 00 00 00 00 00 00 00 00 
1200: 00 00 00 00 00 00 00 00 00 00 00 00 00 00 00 00 
1210: 00 00 00 00 00 00 00 00 00 00 00 00 00 00 00 00 
1220: 00 00 00 00 00 00 00 00 00 00 00 00 00 00 00 00 
1230: 00 00 00 00 00 00 00 00 00 00 00 00 00 00 00 00 
1240: 00 00 00 00 00 00 00 00 00 00 00 00 00 00 00 00 
1250: 00 00 00 00 00 00 00 00 00 00 00 00 00 00 00 00 
1260: 00 00 00 00 00 00 00 00 00 00 00 00 00 00 00 00 
1270: 00 00 00 00 00 00 00 00 00 00 00 00 00 00 00 00 
1280: 00 00 00 00 00 00 00 00 00 00 00 00 00 00 00 00 
1290: 00 00 00 00 00 00 00 00 00 00 00 00 00 00 00 00 
12A0: 00 00 00 00 00 00 00 00 00 00 00 00 00 00 00 00 
12B0: 00 00 00 00 00 00 00 00 00 00 00 00 00 00 00 00 
12C0: 00 00 00 00 00 00 00 00 00 00 00 00 00 00 00 00 
12D0: 00 00 00 00 00 00 00 00 00 00 00 00 00 00 00 00 
12E0: 00 00 00 00 00 00 00 00 00 00 00 00 00 00 00 00 
12F0: 00 00 00 00 00 00 00 00 00 00 00 00 00 00 00 00 
1300: 00 00 00 00 00 00 00 00 00 00 00 00 00 00 00 00 
1310: 00 00 00 00 00 00 00 00 00 00 00 00 00 00 00 00 
1320: 00 00 00 00 00 00 00 00 00 00 00 00 00 00 00 00 
1330: 00 00 00 00 00 00 00 00 00 00 00 00 00 00 00 00 
1340: 00 00 00 00 00 00 00 00 00 00 00 00 00 00 00 00 
1350: 00 00 00 00 00 00 00 00 00 00 00 00 00 00 00 00 
1360: 00 00 00 00 00 00 00 00 00 00 00 00 00 00 00 00 
1370: 00 00 00 00 00 00 00 00 00 00 00 00 00 00 00 00 
1380: 00 00 00 00 00 00 00 00 00 00 00 00 00 00 00 00 
1390: 00 00 00 00 00 00 00 00 00 00 00 00 00 00 00 00 
13A0: 00 00 00 00 00 00 00 00 00 00 00 00 00 00 00 00 
13B0: 00 00 00 00 00 00 00 00 00 00 00 00 00 00 00 00 
13C0: 00 00 00 00 00 00 00 00 00 00 00 00 00 00 00 00 
13D0: 00 00 00 00 00 00 00 00 00 00 00 00 00 00 00 00 
13E0: 00 00 00 00 00 00 00 00 00 00 00 00 00 00 00 00 
13F0: 00 00 00 00 00 00 00 00 00 00 00 00 00 00 00 00 
1400: 00 00 00 00 00 00 00 00 00 00 00 00 00 00 00 00 
1410: 00 00 00 00 00 00 00 00 00 00 00 00 00 00 00 00 
1420: 00 00 00 00 00 00 00 00 00 00 00 00 00 00 00 00 
1430: 00 00 00 00 00 00 00 00 00 00 00 00 00 00 00 00 
1440: 00 00 00 00 00 00 00 00 00 00 00 00 00 00 00 00 
1450: 00 00 00 00 00 00 00 00 00 00 00 00 00 00 00 00 
1460: 00 00 00 00 00 00 00 00 00 00 00 00 00 00 00 00 
1470: 00 00 00 00 00 00 00 00 00 00 00 00 00 00 00 00 
1480: 00 00 00 00 00 00 00 00 00 00 00 00 00 00 00 00 
1490: 00 00 00 00 00 00 00 00 00 00 00 00 00 00 00 00 
14A0: 00 00 00 00 00 00 00 00 00 00 00 00 00 00 00 00 
14B0: 00 00 00 00 00 00 00 00 00 00 00 00 00 00 00 00 
14C0: 00 00 00 00 00 00 00 00 00 00 00 00 00 00 00 00 
14D0: 00 00 00 00 00 00 00 00 00 00 00 00 00 00 00 00 
14E0: 00 00 00 00 00 00 00 00 00 00 00 00 00 00 00 00 
14F0: 00 00 00 00 00 00 00 00 00 00 00 00 00 00 00 00 
1500: 00 00 00 00 00 00 00 00 00 00 00 00 00 00 00 00 
1510: 00 00 00 00 00 00 00 00 00 00 00 00 00 00 00 00 
1520: 00 00 00 00 00 00 00 00 00 00 00 00 00 00 00 00 
1530: 00 00 00 00 00 00 00 00 00 00 00 00 00 00 00 00 
1540: 00 00 00 00 00 00 00 00 00 00 00 00 00 00 00 00 
1550: 00 00 00 00 00 00 00 00 00 00 00 00 00 00 00 00 
1560: 00 00 00 00 00 00 00 00 00 00 00 00 00 00 00 00 
1570: 00 00 00 00 00 00 00 00 00 00 00 00 00 00 00 00 
1580: 00 00 00 00 00 00 00 00 00 00 00 00 00 00 00 00 
1590: 00 00 00 00 00 00 00 00 00 00 00 00 00 00 00 00 
15A0: 00 00 00 00 00 00 00 00 00 00 00 00 00 00 00 00 
15B0: 00 00 00 00 00 00 00 00 00 00 00 00 00 00 00 00 
15C0: 00 00 00 00 00 00 00 00 00 00 00 00 00 00 00 00 
15D0: 00 00 00 00 00 00 00 00 00 00 00 00 00 00 00 00 
15E0: 00 00 00 00 00 00 00 00 00 00 00 00 00 00 00 00 
15F0: 00 00 00 00 00 00 00 00 00 00 00 00 00 00 00 00 
1600: 00 00 00 00 00 00 00 00 00 00 00 00 00 00 00 00 
1610: 00 00 00 00 00 00 00 00 00 00 00 00 00 00 00 00 
1620: 00 00 00 00 00 00 00 00 00 00 00 00 00 00 00 00 
1630: 00 00 00 00 00 00 00 00 00 00 00 00 00 00 00 00 
1640: 00 00 00 00 00 00 00 00 00 00 00 00 00 00 00 00 
1650: 00 00 00 00 00 00 00 00 00 00 00 00 00 00 00 00 
1660: 00 00 00 00 00 00 00 00 00 00 00 00 00 00 00 00 
1670: 00 00 00 00 00 00 00 00 00 00 00 00 00 00 00 00 
1680: 00 00 00 00 00 00 00 00 00 00 00 00 00 00 00 00 
1690: 00 00 00 00 00 00 00 00 00 00 00 00 00 00 00 00 
16A0: 00 00 00 00 00 00 00 00 00 00 00 00 00 00 00 00 
16B0: 00 00 00 00 00 00 00 00 00 00 00 00 00 00 00 00 
16C0: 00 00 00 00 00 00 00 00 00 00 00 00 00 00 00 00 
16D0: 00 00 00 00 00 00 00 00 00 00 00 00 00 00 00 00 
16E0: 00 00 00 00 00 00 00 00 00 00 00 00 00 00 00 00 
16F0: 00 00 00 00 00 00 00 00 00 00 00 00 00 00 00 00 
1700: 00 00 00 00 00 00 00 00 00 00 00 00 00 00 00 00 
1710: 00 00 00 00 00 00 00 00 00 00 00 00 00 00 00 00 
1720: 00 00 00 00 00 00 00 00 00 00 00 00 00 00 00 00 
1730: 00 00 00 00 00 00 00 00 00 00 00 00 00 00 00 00 
1740: 00 00 00 00 00 00 00 00 00 00 00 00 00 00 00 00 
1750: 00 00 00 00 00 00 00 00 00 00 00 00 00 00 00 00 
1760: 00 00 00 00 00 00 00 00 00 00 00 00 00 00 00 00 
1770: 00 00 00 00 00 00 00 00 00 00 00 00 00 00 00 00 
1780: 00 00 00 00 00 00 00 00 00 00 00 00 00 00 00 00 
1790: 00 00 00 00 00 00 00 00 00 00 00 00 00 00 00 00 
17A0: 00 00 00 00 00 00 00 00 00 00 00 00 00 00 00 00 
17B0: 00 00 00 00 00 00 00 00 00 00 00 00 00 00 00 00 
17C0: 00 00 00 00 00 00 00 00 00 00 00 00 00 00 00 00 
17D0: 00 00 00 00 00 00 00 00 00 00 00 00 00 00 00 00 
17E0: 00 00 00 00 00 00 00 00 00 00 00 00 00 00 00 00 
17F0: 00 00 00 00 00 00 00 00 00 00 00 00 00 00 00 00 
1800: 00 00 00 00 00 00 00 00 00 00 00 00 00 00 00 00 
1810: 00 00 00 00 00 00 00 00 00 00 00 00 00 00 00 00 
1820: 00 00 00 00 00 00 00 00 00 00 00 00 00 00 00 00 
1830: 00 00 00 00 00 00 00 00 00 00 00 00 00 00 00 00 
1840: 00 00 00 00 00 00 00 00 00 00 00 00 00 00 00 00 
1850: 00 00 00 00 00 00 00 00 00 00 00 00 00 00 00 00 
1860: 00 00 00 00 00 00 00 00 00 00 00 00 00 00 00 00 
1870: 00 00 00 00 00 00 00 00 00 00 00 00 00 00 00 00 
1880: 00 00 00 00 00 00 00 00 00 00 00 00 00 00 00 00 
1890: 00 00 00 00 00 00 00 00 00 00 00 00 00 00 00 00 
18A0: 00 00 00 00 00 00 00 00 00 00 00 00 00 00 00 00 
18B0: 00 00 00 00 00 00 00 00 00 00 00 00 00 00 00 00 
18C0: 00 00 00 00 00 00 00 00 00 00 00 00 00 00 00 00 
18D0: 00 00 00 00 00 00 00 00 00 00 00 00 00 00 00 00 
18E0: 00 00 00 00 00 00 00 00 00 00 00 00 00 00 00 00 
18F0: 00 00 00 00 00 00 00 00 00 00 00 00 00 00 00 00 
1900: 00 00 00 00 00 00 00 00 00 00 00 00 00 00 00 00 
1910: 00 00 00 00 00 00 00 00 00 00 00 00 00 00 00 00 
1920: 00 00 00 00 00 00 00 00 00 00 00 00 00 00 00 00 
1930: 00 00 00 00 00 00 00 00 00 00 00 00 00 00 00 00 
1940: 00 00 00 00 00 00 00 00 00 00 00 00 00 00 00 00 
1950: 00 00 00 00 00 00 00 00 00 00 00 00 00 00 00 00 
1960: 00 00 00 00 00 00 00 00 00 00 00 00 00 00 00 00 
1970: 00 00 00 00 00 00 00 00 00 00 00 00 00 00 00 00 
1980: 00 00 00 00 00 00 00 00 00 00 00 00 00 00 00 00 
1990: 00 00 00 00 00 00 00 00 00 00 00 00 00 00 00 00 
19A0: 00 00 00 00 00 00 00 00 00 00 00 00 00 00 00 00 
19B0: 00 00 00 00 00 00 00 00 00 00 00 00 00 00 00 00 
19C0: 00 00 00 00 00 00 00 00 00 00 00 00 00 00 00 00 
19D0: 00 00 00 00 00 00 00 00 00 00 00 00 00 00 00 00 
19E0: 00 00 00 00 00 00 00 00 00 00 00 00 00 00 00 00 
19F0: 00 00 00 00 00 00 00 00 00 00 00 00 00 00 00 00 
1A00: 00 00 00 00 00 00 00 00 00 00 00 00 00 00 00 00 
1A10: 00 00 00 00 00 00 00 00 00 00 00 00 00 00 00 00 
1A20: 00 00 00 00 00 00 00 00 00 00 00 00 00 00 00 00 
1A30: 00 00 00 00 00 00 00 00 00 00 00 00 00 00 00 00 
1A40: 00 00 00 00 00 00 00 00 00 00 00 00 00 00 00 00 
1A50: 00 00 00 00 00 00 00 00 00 00 00 00 00 00 00 00 
1A60: 00 00 00 00 00 00 00 00 00 00 00 00 00 00 00 00 
1A70: 00 00 00 00 00 00 00 00 00 00 00 00 00 00 00 00 
1A80: 00 00 00 00 00 00 00 00 00 00 00 00 00 00 00 00 
1A90: 00 00 00 00 00 00 00 00 00 00 00 00 00 00 00 00 
1AA0: 00 00 00 00 00 00 00 00 00 00 00 00 00 00 00 00 
1AB0: 00 00 00 00 00 00 00 00 00 00 00 00 00 00 00 00 
1AC0: 00 00 00 00 00 00 00 00 00 00 00 00 00 00 00 00 
1AD0: 00 00 00 00 00 00 00 00 00 00 00 00 00 00 00 00 
1AE0: 00 00 00 00 00 00 00 00 00 00 00 00 00 00 00 00 
1AF0: 00 00 00 00 00 00 00 00 00 00 00 00 00 00 00 00 
1B00: 00 00 00 00 00 00 00 00 00 00 00 00 00 00 00 00 
1B10: 00 00 00 00 00 00 00 00 00 00 00 00 00 00 00 00 
1B20: 00 00 00 00 00 00 00 00 00 00 00 00 00 00 00 00 
1B30: 00 00 00 00 00 00 00 00 00 00 00 00 00 00 00 00 
1B40: 00 00 00 00 00 00 00 00 00 00 00 00 00 00 00 00 
1B50: 00 00 00 00 00 00 00 00 00 00 00 00 00 00 00 00 
1B60: 00 00 00 00 00 00 00 00 00 00 00 00 00 00 00 00 
1B70: 00 00 00 00 00 00 00 00 00 00 00 00 00 00 00 00 
1B80: 00 00 00 00 00 00 00 00 00 00 00 00 00 00 00 00 
1B90: 00 00 00 00 00 00 00 00 00 00 00 00 00 00 00 00 
1BA0: 00 00 00 00 00 00 00 00 00 00 00 00 00 00 00 00 
1BB0: 00 00 00 00 00 00 00 00 00 00 00 00 00 00 00 00 
1BC0: 00 00 00 00 00 00 00 00 00 00 00 00 00 00 00 00 
1BD0: 00 00 00 00 00 00 00 00 00 00 00 00 00 00 00 00 
1BE0: 00 00 00 00 00 00 00 00 00 00 00 00 00 00 00 00 
1BF0: 00 00 00 00 00 00 00 00 00 00 00 00 00 00 00 00 
1C00: 00 00 00 00 00 00 00 00 00 00 00 00 00 00 00 00 
1C10: 00 00 00 00 00 00 00 00 00 00 00 00 00 00 00 00 
1C20: 00 00 00 00 00 00 00 00 00 00 00 00 00 00 00 00 
1C30: 00 00 00 00 00 00 00 00 00 00 00 00 00 00 00 00 
1C40: 00 00 00 00 00 00 00 00 00 00 00 00 00 00 00 00 
1C50: 00 00 00 00 00 00 00 00 00 00 00 00 00 00 00 00 
1C60: 00 00 00 00 00 00 00 00 00 00 00 00 00 00 00 00 
1C70: 00 00 00 00 00 00 00 00 00 00 00 00 00 00 00 00 
1C80: 00 00 00 00 00 00 00 00 00 00 00 00 00 00 00 00 
1C90: 00 00 00 00 00 00 00 00 00 00 00 00 00 00 00 00 
1CA0: 00 00 00 00 00 00 00 00 00 00 00 00 00 00 00 00 
1CB0: 00 00 00 00 00 00 00 00 00 00 00 00 00 00 00 00 
1CC0: 00 00 00 00 00 00 00 00 00 00 00 00 00 00 00 00 
1CD0: 00 00 00 00 00 00 00 00 00 00 00 00 00 00 00 00 
1CE0: 00 00 00 00 00 00 00 00 00 00 00 00 00 00 00 00 
1CF0: 00 00 00 00 00 00 00 00 00 00 00 00 00 00 00 00 
1D00: 00 00 00 00 00 00 00 00 00 00 00 00 00 00 00 00 
1D10: 00 00 00 00 00 00 00 00 00 00 00 00 00 00 00 00 
1D20: 00 00 00 00 00 00 00 00 00 00 00 00 00 00 00 00 
1D30: 00 00 00 00 00 00 00 00 00 00 00 00 00 00 00 00 
1D40: 00 00 00 00 00 00 00 00 00 00 00 00 00 00 00 00 
1D50: 00 00 00 00 00 00 00 00 00 00 00 00 00 00 00 00 
1D60: 00 00 00 00 00 00 00 00 00 00 00 00 00 00 00 00 
1D70: 00 00 00 00 00 00 00 00 00 00 00 00 00 00 00 00 
1D80: 00 00 00 00 00 00 00 00 00 00 00 00 00 00 00 00 
1D90: 00 00 00 00 00 00 00 00 00 00 00 00 00 00 00 00 
1DA0: 00 00 00 00 00 00 00 00 00 00 00 00 00 00 00 00 
1DB0: 00 00 00 00 00 00 00 00 00 00 00 00 00 00 00 00 
1DC0: 00 00 00 00 00 00 00 00 00 00 00 00 00 00 00 00 
1DD0: 00 00 00 00 00 00 00 00 00 00 00 00 00 00 00 00 
1DE0: 00 00 00 00 00 00 00 00 00 00 00 00 00 00 00 00 
1DF0: 00 00 00 00 00 00 00 00 00 00 00 00 00 00 00 00 
1E00: 00 00 00 00 00 00 00 00 00 00 00 00 00 00 00 00 
1E10: 00 00 00 00 00 00 00 00 00 00 00 00 00 00 00 00 
1E20: 00 00 00 00 00 00 00 00 00 00 00 00 00 00 00 00 
1E30: 00 00 00 00 00 00 00 00 00 00 00 00 00 00 00 00 
1E40: 00 00 00 00 00 00 00 00 00 00 00 00 00 00 00 00 
1E50: 00 00 00 00 00 00 00 00 00 00 00 00 00 00 00 00 
1E60: 00 00 00 00 00 00 00 00 00 00 00 00 00 00 00 00 
1E70: 00 00 00 00 00 00 00 00 00 00 00 00 00 00 00 00 
1E80: 00 00 00 00 00 00 00 00 00 00 00 00 00 00 00 00 
1E90: 00 00 00 00 00 00 00 00 00 00 00 00 00 00 00 00 
1EA0: 00 00 00 00 00 00 00 00 00 00 00 00 00 00 00 00 
1EB0: 00 00 00 00 00 00 00 00 00 00 00 00 00 00 00 00 
1EC0: 00 00 00 00 00 00 00 00 00 00 00 00 00 00 00 00 
1ED0: 00 00 00 00 00 00 00 00 00 00 00 00 00 00 00 00 
1EE0: 00 00 00 00 00 00 00 00 00 00 00 00 00 00 00 00 
1EF0: 00 00 00 00 00 00 00 00 00 00 00 00 00 00 00 00 
1F00: 00 00 00 00 00 00 00 00 00 00 00 00 00 00 00 00 
1F10: 00 00 00 00 00 00 00 00 00 00 00 00 00 00 00 00 
1F20: 00 00 00 00 00 00 00 00 00 00 00 00 00 00 00 00 
1F30: 00 00 00 00 00 00 00 00 00 00 00 00 00 00 00 00 
1F40: 00 00 00 00 00 00 00 00 00 00 00 00 00 00 00 00 
1F50: 00 00 00 00 00 00 00 00 00 00 00 00 00 00 00 00 
1F60: 00 00 00 00 00 00 00 00 00 00 00 00 00 00 00 00 
1F70: 00 00 00 00 00 00 00 00 00 00 00 00 00 00 00 00 
1F80: 00 00 00 00 00 00 00 00 00 00 00 00 00 00 00 00 
1F90: 00 00 00 00 00 00 00 00 00 00 00 00 00 00 00 00 
1FA0: 00 00 00 00 00 00 00 00 00 00 00 00 00 00 00 00 
1FB0: 00 00 00 00 00 00 00 00 00 00 00 00 00 00 00 00 
1FC0: 00 00 00 00 00 00 00 00 00 00 00 00 00 00 00 00 
1FD0: 00 00 00 00 00 00 00 00 00 00 00 00 00 00 00 00 
1FE0: 00 00 00 00 00 00 00 00 00 00 00 00 00 00 00 00 
1FF0: 00 00 00 00 00 00 00 00 00 00 00 00 00 00 00 00 
2000: 00 00 00 00 00 00 00 00 00 00 00 00 00 00 00 00 
2010: 00 00 00 00 00 00 00 00 00 00 00 00 00 00 00 00 
2020: 00 00 00 00 00 00 00 00 00 00 00 00 00 00 00 00 
2030: 00 00 00 00 00 00 00 00 00 00 00 00 00 00 00 00 
2040: 00 00 00 00 00 00 00 00 00 00 00 00 00 00 00 00 
2050: 00 00 00 00 00 00 00 00 00 00 00 00 00 00 00 00 
2060: 00 00 00 00 00 00 00 00 00 00 00 00 00 00 00 00 
2070: 00 00 00 00 00 00 00 00 00 00 00 00 00 00 00 00 
2080: 00 00 00 00 00 00 00 00 00 00 00 00 00 00 00 00 
2090: 00 00 00 00 00 00 00 00 00 00 00 00 00 00 00 00 
20A0: 00 00 00 00 00 00 00 00 00 00 00 00 00 00 00 00 
20B0: 00 00 00 00 00 00 00 00 00 00 00 00 00 00 00 00 
20C0: 00 00 00 00 00 00 00 00 00 00 00 00 00 00 00 00 
20D0: 00 00 00 00 00 00 00 00 00 00 00 00 00 00 00 00 
20E0: 00 00 00 00 00 00 00 00 00 00 00 00 00 00 00 00 
20F0: 00 00 00 00 00 00 00 00 00 00 00 00 00 00 00 00 
2100: 00 00 00 00 00 00 00 00 00 00 00 00 00 00 00 00 
2110: 00 00 00 00 00 00 00 00 00 00 00 00 00 00 00 00 
2120: 00 00 00 00 00 00 00 00 00 00 00 00 00 00 00 00 
2130: 00 00 00 00 00 00 00 00 00 00 00 00 00 00 00 00 
2140: 00 00 00 00 00 00 00 00 00 00 00 00 00 00 00 00 
2150: 00 00 00 00 00 00 00 00 00 00 00 00 00 00 00 00 
2160: 00 00 00 00 00 00 00 00 00 00 00 00 00 00 00 00 
2170: 00 00 00 00 00 00 00 00 00 00 00 00 00 00 00 00 
2180: 00 00 00 00 00 00 00 00 00 00 00 00 00 00 00 00 
2190: 00 00 00 00 00 00 00 00 00 00 00 00 00 00 00 00 
21A0: 00 00 00 00 00 00 00 00 00 00 00 00 00 00 00 00 
21B0: 00 00 00 00 00 00 00 00 00 00 00 00 00 00 00 00 
21C0: 00 00 00 00 00 00 00 00 00 00 00 00 00 00 00 00 
21D0: 00 00 00 00 00 00 00 00 00 00 00 00 00 00 00 00 
21E0: 00 00 00 00 00 00 00 00 00 00 00 00 00 00 00 00 
21F0: 00 00 00 00 00 00 00 00 00 00 00 00 00 00 00 00 
2200: 00 00 00 00 00 00 00 00 00 00 00 00 00 00 00 00 
2210: 00 00 00 00 00 00 00 00 00 00 00 00 00 00 00 00 
2220: 00 00 00 00 00 00 00 00 00 00 00 00 00 00 00 00 
2230: 00 00 00 00 00 00 00 00 00 00 00 00 00 00 00 00 
2240: 00 00 00 00 00 00 00 00 00 00 00 00 00 00 00 00 
2250: 00 00 00 00 00 00 00 00 00 00 00 00 00 00 00 00 
2260: 00 00 00 00 00 00 00 00 00 00 00 00 00 00 00 00 
2270: 00 00 00 00 00 00 00 00 00 00 00 00 00 00 00 00 
2280: 00 00 00 00 00 00 00 00 00 00 00 00 00 00 00 00 
2290: 00 00 00 00 00 00 00 00 00 00 00 00 00 00 00 00 
22A0: 00 00 00 00 00 00 00 00 00 00 00 00 00 00 00 00 
22B0: 00 00 00 00 00 00 00 00 00 00 00 00 00 00 00 00 
22C0: 00 00 00 00 00 00 00 00 00 00 00 00 00 00 00 00 
22D0: 00 00 00 00 00 00 00 00 00 00 00 00 00 00 00 00 
22E0: 00 00 00 00 00 00 00 00 00 00 00 00 00 00 00 00 
22F0: 00 00 00 00 00 00 00 00 00 00 00 00 00 00 00 00 
2300: 00 00 00 00 00 00 00 00 00 00 00 00 00 00 00 00 
2310: 00 00 00 00 00 00 00 00 00 00 00 00 00 00 00 00 
2320: 00 00 00 00 00 00 00 00 00 00 00 00 00 00 00 00 
2330: 00 00 00 00 00 00 00 00 00 00 00 00 00 00 00 00 
2340: 00 00 00 00 00 00 00 00 00 00 00 00 00 00 00 00 
2350: 00 00 00 00 00 00 00 00 00 00 00 00 00 00 00 00 
2360: 00 00 00 00 00 00 00 00 00 00 00 00 00 00 00 00 
2370: 00 00 00 00 00 00 00 00 00 00 00 00 00 00 00 00 
2380: 00 00 00 00 00 00 00 00 00 00 00 00 00 00 00 00 
2390: 00 00 00 00 00 00 00 00 00 00 00 00 00 00 00 00 
23A0: 00 00 00 00 00 00 00 00 00 00 00 00 00 00 00 00 
23B0: 00 00 00 00 00 00 00 00 00 00 00 00 00 00 00 00 
23C0: 00 00 00 00 00 00 00 00 00 00 00 00 00 00 00 00 
23D0: 00 00 00 00 00 00 00 00 00 00 00 00 00 00 00 00 
23E0: 00 00 00 00 00 00 00 00 00 00 00 00 00 00 00 00 
23F0: 00 00 00 00 00 00 00 00 00 00 00 00 00 00 00 00 
2400: 00 00 00 00 00 00 00 00 00 00 00 00 00 00 00 00 
2410: 00 00 00 00 00 00 00 00 00 00 00 00 00 00 00 00 
2420: 00 00 00 00 00 00 00 00 00 00 00 00 00 00 00 00 
2430: 00 00 00 00 00 00 00 00 00 00 00 00 00 00 00 00 
2440: 00 00 00 00 00 00 00 00 00 00 00 00 00 00 00 00 
2450: 00 00 00 00 00 00 00 00 00 00 00 00 00 00 00 00 
2460: 00 00 00 00 00 00 00 00 00 00 00 00 00 00 00 00 
2470: 00 00 00 00 00 00 00 00 00 00 00 00 00 00 00 00 
2480: 00 00 00 00 00 00 00 00 00 00 00 00 00 00 00 00 
2490: 00 00 00 00 00 00 00 00 00 00 00 00 00 00 00 00 
24A0: 00 00 00 00 00 00 00 00 00 00 00 00 00 00 00 00 
24B0: 00 00 00 00 00 00 00 00 00 00 00 00 00 00 00 00 
24C0: 00 00 00 00 00 00 00 00 00 00 00 00 00 00 00 00 
24D0: 00 00 00 00 00 00 00 00 00 00 00 00 00 00 00 00 
24E0: 00 00 00 00 00 00 00 00 00 00 00 00 00 00 00 00 
24F0: 00 00 00 00 00 00 00 00 00 00 00 00 00 00 00 00 
2500: 00 00 00 00 00 00 00 00 00 00 00 00 00 00 00 00 
2510: 00 00 00 00 00 00 00 00 00 00 00 00 00 00 00 00 
2520: 00 00 00 00 00 00 00 00 00 00 00 00 00 00 00 00 
2530: 00 00 00 00 00 00 00 00 00 00 00 00 00 00 00 00 
2540: 00 00 00 00 00 00 00 00 00 00 00 00 00 00 00 00 
2550: 00 00 00 00 00 00 00 00 00 00 00 00 00 00 00 00 
2560: 00 00 00 00 00 00 00 00 00 00 00 00 00 00 00 00 
2570: 00 00 00 00 00 00 00 00 00 00 00 00 00 00 00 00 
2580: 00 00 00 00 00 00 00 00 00 00 00 00 00 00 00 00 
2590: 00 00 00 00 00 00 00 00 00 00 00 00 00 00 00 00 
25A0: 00 00 00 00 00 00 00 00 00 00 00 00 00 00 00 00 
25B0: 00 00 00 00 00 00 00 00 00 00 00 00 00 00 00 00 
25C0: 00 00 00 00 00 00 00 00 00 00 00 00 00 00 00 00 
25D0: 00 00 00 00 00 00 00 00 00 00 00 00 00 00 00 00 
25E0: 00 00 00 00 00 00 00 00 00 00 00 00 00 00 00 00 
25F0: 00 00 00 00 00 00 00 00 00 00 00 00 00 00 00 00 
2600: 00 00 00 00 00 00 00 00 00 00 00 00 00 00 00 00 
2610: 00 00 00 00 00 00 00 00 00 00 00 00 00 00 00 00 
2620: 00 00 00 00 00 00 00 00 00 00 00 00 00 00 00 00 
2630: 00 00 00 00 00 00 00 00 00 00 00 00 00 00 00 00 
2640: 00 00 00 00 00 00 00 00 00 00 00 00 00 00 00 00 
2650: 00 00 00 00 00 00 00 00 00 00 00 00 00 00 00 00 
2660: 00 00 00 00 00 00 00 00 00 00 00 00 00 00 00 00 
2670: 00 00 00 00 00 00 00 00 00 00 00 00 00 00 00 00 
2680: 00 00 00 00 00 00 00 00 00 00 00 00 00 00 00 00 
2690: 00 00 00 00 00 00 00 00 00 00 00 00 00 00 00 00 
26A0: 00 00 00 00 00 00 00 00 00 00 00 00 00 00 00 00 
26B0: 00 00 00 00 00 00 00 00 00 00 00 00 00 00 00 00 
26C0: 00 00 00 00 00 00 00 00 00 00 00 00 00 00 00 00 
26D0: 00 00 00 00 00 00 00 00 00 00 00 00 00 00 00 00 
26E0: 00 00 00 00 00 00 00 00 00 00 00 00 00 00 00 00 
26F0: 00 00 00 00 00 00 00 00 00 00 00 00 00 00 00 00 
2700: 00 00 00 00 00 00 00 00 00 00 00 00 00 00 00 00 
2710: 00 00 00 00 00 00 00 00 00 00 00 00 00 00 00 00 
2720: 00 00 00 00 00 00 00 00 00 00 00 00 00 00 00 00 
2730: 00 00 00 00 00 00 00 00 00 00 00 00 00 00 00 00 
2740: 00 00 00 00 00 00 00 00 00 00 00 00 00 00 00 00 
2750: 00 00 00 00 00 00 00 00 00 00 00 00 00 00 00 00 
2760: 00 00 00 00 00 00 00 00 00 00 00 00 00 00 00 00 
2770: 00 00 00 00 00 00 00 00 00 00 00 00 00 00 00 00 
2780: 00 00 00 00 00 00 00 00 00 00 00 00 00 00 00 00 
2790: 00 00 00 00 00 00 00 00 00 00 00 00 00 00 00 00 
27A0: 00 00 00 00 00 00 00 00 00 00 00 00 00 00 00 00 
27B0: 00 00 00 00 00 00 00 00 00 00 00 00 00 00 00 00 
27C0: 00 00 00 00 00 00 00 00 00 00 00 00 00 00 00 00 
27D0: 00 00 00 00 00 00 00 00 00 00 00 00 00 00 00 00 
27E0: 00 00 00 00 00 00 00 00 00 00 00 00 00 00 00 00 
27F0: 00 00 00 00 00 00 00 00 00 00 00 00 00 00 00 00 
2800: 00 00 00 00 00 00 00 00 00 00 00 00 00 00 00 00 
2810: 00 00 00 00 00 00 00 00 00 00 00 00 00 00 00 00 
2820: 00 00 00 00 00 00 00 00 00 00 00 00 00 00 00 00 
2830: 00 00 00 00 00 00 00 00 00 00 00 00 00 00 00 00 
2840: 00 00 00 00 00 00 00 00 00 00 00 00 00 00 00 00 
2850: 00 00 00 00 00 00 00 00 00 00 00 00 00 00 00 00 
2860: 00 00 00 00 00 00 00 00 00 00 00 00 00 00 00 00 
2870: 00 00 00 00 00 00 00 00 00 00 00 00 00 00 00 00 
2880: 00 00 00 00 00 00 00 00 00 00 00 00 00 00 00 00 
2890: 00 00 00 00 00 00 00 00 00 00 00 00 00 00 00 00 
28A0: 00 00 00 00 00 00 00 00 00 00 00 00 00 00 00 00 
28B0: 00 00 00 00 00 00 00 00 00 00 00 00 00 00 00 00 
28C0: 00 00 00 00 00 00 00 00 00 00 00 00 00 00 00 00 
28D0: 00 00 00 00 00 00 00 00 00 00 00 00 00 00 00 00 
28E0: 00 00 00 00 00 00 00 00 00 00 00 00 00 00 00 00 
28F0: 00 00 00 00 00 00 00 00 00 00 00 00 00 00 00 00 
2900: 00 00 00 00 00 00 00 00 00 00 00 00 00 00 00 00 
2910: 00 00 00 00 00 00 00 00 00 00 00 00 00 00 00 00 
2920: 00 00 00 00 00 00 00 00 00 00 00 00 00 00 00 00 
2930: 00 00 00 00 00 00 00 00 00 00 00 00 00 00 00 00 
2940: 00 00 00 00 00 00 00 00 00 00 00 00 00 00 00 00 
2950: 00 00 00 00 00 00 00 00 00 00 00 00 00 00 00 00 
2960: 00 00 00 00 00 00 00 00 00 00 00 00 00 00 00 00 
2970: 00 00 00 00 00 00 00 00 00 00 00 00 00 00 00 00 
2980: 00 00 00 00 00 00 00 00 00 00 00 00 00 00 00 00 
2990: 00 00 00 00 00 00 00 00 00 00 00 00 00 00 00 00 
29A0: 00 00 00 00 00 00 00 00 00 00 00 00 00 00 00 00 
29B0: 00 00 00 00 00 00 00 00 00 00 00 00 00 00 00 00 
29C0: 00 00 00 00 00 00 00 00 00 00 00 00 00 00 00 00 
29D0: 00 00 00 00 00 00 00 00 00 00 00 00 00 00 00 00 
29E0: 00 00 00 00 00 00 00 00 00 00 00 00 00 00 00 00 
29F0: 00 00 00 00 00 00 00 00 00 00 00 00 00 00 00 00 
2A00: 00 00 00 00 00 00 00 00 00 00 00 00 00 00 00 00 
2A10: 00 00 00 00 00 00 00 00 00 00 00 00 00 00 00 00 
2A20: 00 00 00 00 00 00 00 00 00 00 00 00 00 00 00 00 
2A30: 00 00 00 00 00 00 00 00 00 00 00 00 00 00 00 00 
2A40: 00 00 00 00 00 00 00 00 00 00 00 00 00 00 00 00 
2A50: 00 00 00 00 00 00 00 00 00 00 00 00 00 00 00 00 
2A60: 00 00 00 00 00 00 00 00 00 00 00 00 00 00 00 00 
2A70: 00 00 00 00 00 00 00 00 00 00 00 00 00 00 00 00 
2A80: 00 00 00 00 00 00 00 00 00 00 00 00 00 00 00 00 
2A90: 00 00 00 00 00 00 00 00 00 00 00 00 00 00 00 00 
2AA0: 00 00 00 00 00 00 00 00 00 00 00 00 00 00 00 00 
2AB0: 00 00 00 00 00 00 00 00 00 00 00 00 00 00 00 00 
2AC0: 00 00 00 00 00 00 00 00 00 00 00 00 00 00 00 00 
2AD0: 00 00 00 00 00 00 00 00 00 00 00 00 00 00 00 00 
2AE0: 00 00 00 00 00 00 00 00 00 00 00 00 00 00 00 00 
2AF0: 00 00 00 00 00 00 00 00 00 00 00 00 00 00 00 00 
2B00: 00 00 00 00 00 00 00 00 00 00 00 00 00 00 00 00 
2B10: 00 00 00 00 00 00 00 00 00 00 00 00 00 00 00 00 
2B20: 00 00 00 00 00 00 00 00 00 00 00 00 00 00 00 00 
2B30: 00 00 00 00 00 00 00 00 00 00 00 00 00 00 00 00 
2B40: 00 00 00 00 00 00 00 00 00 00 00 00 00 00 00 00 
2B50: 00 00 00 00 00 00 00 00 00 00 00 00 00 00 00 00 
2B60: 00 00 00 00 00 00 00 00 00 00 00 00 00 00 00 00 
2B70: 00 00 00 00 00 00 00 00 00 00 00 00 00 00 00 00 
2B80: 00 00 00 00 00 00 00 00 00 00 00 00 00 00 00 00 
2B90: 00 00 00 00 00 00 00 00 00 00 00 00 00 00 00 00 
2BA0: 00 00 00 00 00 00 00 00 00 00 00 00 00 00 00 00 
2BB0: 00 00 00 00 00 00 00 00 00 00 00 00 00 00 00 00 
2BC0: 00 00 00 00 00 00 00 00 00 00 00 00 00 00 00 00 
2BD0: 00 00 00 00 00 00 00 00 00 00 00 00 00 00 00 00 
2BE0: 00 00 00 00 00 00 00 00 00 00 00 00 00 00 00 00 
2BF0: 00 00 00 00 00 00 00 00 00 00 00 00 00 00 00 00 
2C00: 00 00 00 00 00 00 00 00 00 00 00 00 00 00 00 00 
2C10: 00 00 00 00 00 00 00 00 00 00 00 00 00 00 00 00 
2C20: 00 00 00 00 00 00 00 00 00 00 00 00 00 00 00 00 
2C30: 00 00 00 00 00 00 00 00 00 00 00 00 00 00 00 00 
2C40: 00 00 00 00 00 00 00 00 00 00 00 00 00 00 00 00 
2C50: 00 00 00 00 00 00 00 00 00 00 00 00 00 00 00 00 
2C60: 00 00 00 00 00 00 00 00 00 00 00 00 00 00 00 00 
2C70: 00 00 00 00 00 00 00 00 00 00 00 00 00 00 00 00 
2C80: 00 00 00 00 00 00 00 00 00 00 00 00 00 00 00 00 
2C90: 00 00 00 00 00 00 00 00 00 00 00 00 00 00 00 00 
2CA0: 00 00 00 00 00 00 00 00 00 00 00 00 00 00 00 00 
2CB0: 00 00 00 00 00 00 00 00 00 00 00 00 00 00 00 00 
2CC0: 00 00 00 00 00 00 00 00 00 00 00 00 00 00 00 00 
2CD0: 00 00 00 00 00 00 00 00 00 00 00 00 00 00 00 00 
2CE0: 00 00 00 00 00 00 00 00 00 00 00 00 00 00 00 00 
2CF0: 00 00 00 00 00 00 00 00 00 00 00 00 00 00 00 00 
2D00: 00 00 00 00 00 00 00 00 00 00 00 00 00 00 00 00 
2D10: 00 00 00 00 00 00 00 00 00 00 00 00 00 00 00 00 
2D20: 00 00 00 00 00 00 00 00 00 00 00 00 00 00 00 00 
2D30: 00 00 00 00 00 00 00 00 00 00 00 00 00 00 00 00 
2D40: 00 00 00 00 00 00 00 00 00 00 00 00 00 00 00 00 
2D50: 00 00 00 00 00 00 00 00 00 00 00 00 00 00 00 00 
2D60: 00 00 00 00 00 00 00 00 00 00 00 00 00 00 00 00 
2D70: 00 00 00 00 00 00 00 00 00 00 00 00 00 00 00 00 
2D80: 00 00 00 00 00 00 00 00 00 00 00 00 00 00 00 00 
2D90: 00 00 00 00 00 00 00 00 00 00 00 00 00 00 00 00 
2DA0: 00 00 00 00 00 00 00 00 00 00 00 00 00 00 00 00 
2DB0: 00 00 00 00 00 00 00 00 00 00 00 00 00 00 00 00 
2DC0: 00 00 00 00 00 00 00 00 00 00 00 00 00 00 00 00 
2DD0: 00 00 00 00 00 00 00 00 00 00 00 00 00 00 00 00 
2DE0: 00 00 00 00 00 00 00 00 00 00 00 00 00 00 00 00 
2DF0: 00 00 00 00 00 00 00 00 00 00 00 00 00 00 00 00 
2E00: 00 00 00 00 00 00 00 00 00 00 00 00 00 00 00 00 
2E10: 00 00 00 00 00 00 00 00 00 00 00 00 00 00 00 00 
2E20: 00 00 00 00 00 00 00 00 00 00 00 00 00 00 00 00 
2E30: 00 00 00 00 00 00 00 00 00 00 00 00 00 00 00 00 
2E40: 00 00 00 00 00 00 00 00 00 00 00 00 00 00 00 00 
2E50: 00 00 00 00 00 00 00 00 00 00 00 00 00 00 00 00 
2E60: 00 00 00 00 00 00 00 00 00 00 00 00 00 00 00 00 
2E70: 00 00 00 00 00 00 00 00 00 00 00 00 00 00 00 00 
2E80: 00 00 00 00 00 00 00 00 00 00 00 00 00 00 00 00 
2E90: 00 00 00 00 00 00 00 00 00 00 00 00 00 00 00 00 
2EA0: 00 00 00 00 00 00 00 00 00 00 00 00 00 00 00 00 
2EB0: 00 00 00 00 00 00 00 00 00 00 00 00 00 00 00 00 
2EC0: 00 00 00 00 00 00 00 00 00 00 00 00 00 00 00 00 
2ED0: 00 00 00 00 00 00 00 00 00 00 00 00 00 00 00 00 
2EE0: 00 00 00 00 00 00 00 00 00 00 00 00 00 00 00 00 
2EF0: 00 00 00 00 00 00 00 00 00 00 00 00 00 00 00 00 
2F00: 00 00 00 00 00 00 00 00 00 00 00 00 00 00 00 00 
2F10: 00 00 00 00 00 00 00 00 00 00 00 00 00 00 00 00 
2F20: 00 00 00 00 00 00 00 00 00 00 00 00 00 00 00 00 
2F30: 00 00 00 00 00 00 00 00 00 00 00 00 00 00 00 00 
2F40: 00 00 00 00 00 00 00 00 00 00 00 00 00 00 00 00 
2F50: 00 00 00 00 00 00 00 00 00 00 00 00 00 00 00 00 
2F60: 00 00 00 00 00 00 00 00 00 00 00 00 00 00 00 00 
2F70: 00 00 00 00 00 00 00 00 00 00 00 00 00 00 00 00 
2F80: 00 00 00 00 00 00 00 00 00 00 00 00 00 00 00 00 
2F90: 00 00 00 00 00 00 00 00 00 00 00 00 00 00 00 00 
2FA0: 00 00 00 00 00 00 00 00 00 00 00 00 00 00 00 00 
2FB0: 00 00 00 00 00 00 00 00 00 00 00 00 00 00 00 00 
2FC0: 00 00 00 00 00 00 00 00 00 00 00 00 00 00 00 00 
2FD0: 00 00 00 00 00 00 00 00 00 00 00 00 00 00 00 00 
2FE0: 00 00 00 00 00 00 00 00 00 00 00 00 00 00 00 00 
2FF0: 00 00 00 00 00 00 00 00 00 00 00 00 00 00 00 00 
3000: 00 00 00 00 00 00 00 00 00 00 00 00 00 00 00 00 
3010: 00 00 00 00 00 00 00 00 00 00 00 00 00 00 00 00 
3020: 00 00 00 00 00 00 00 00 00 00 00 00 00 00 00 00 
3030: 00 00 00 00 00 00 00 00 00 00 00 00 00 00 00 00 
3040: 00 00 00 00 00 00 00 00 00 00 00 00 00 00 00 00 
3050: 00 00 00 00 00 00 00 00 00 00 00 00 00 00 00 00 
3060: 00 00 00 00 00 00 00 00 00 00 00 00 00 00 00 00 
3070: 00 00 00 00 00 00 00 00 00 00 00 00 00 00 00 00 
3080: 00 00 00 00 00 00 00 00 00 00 00 00 00 00 00 00 
3090: 00 00 00 00 00 00 00 00 00 00 00 00 00 00 00 00 
30A0: 00 00 00 00 00 00 00 00 00 00 00 00 00 00 00 00 
30B0: 00 00 00 00 00 00 00 00 00 00 00 00 00 00 00 00 
30C0: 00 00 00 00 00 00 00 00 00 00 00 00 00 00 00 00 
30D0: 00 00 00 00 00 00 00 00 00 00 00 00 00 00 00 00 
30E0: 00 00 00 00 00 00 00 00 00 00 00 00 00 00 00 00 
30F0: 00 00 00 00 00 00 00 00 00 00 00 00 00 00 00 00 
3100: 00 00 00 00 00 00 00 00 00 00 00 00 00 00 00 00 
3110: 00 00 00 00 00 00 00 00 00 00 00 00 00 00 00 00 
3120: 00 00 00 00 00 00 00 00 00 00 00 00 00 00 00 00 
3130: 00 00 00 00 00 00 00 00 00 00 00 00 00 00 00 00 
3140: 00 00 00 00 00 00 00 00 00 00 00 00 00 00 00 00 
3150: 00 00 00 00 00 00 00 00 00 00 00 00 00 00 00 00 
3160: 00 00 00 00 00 00 00 00 00 00 00 00 00 00 00 00 
3170: 00 00 00 00 00 00 00 00 00 00 00 00 00 00 00 00 
3180: 00 00 00 00 00 00 00 00 00 00 00 00 00 00 00 00 
3190: 00 00 00 00 00 00 00 00 00 00 00 00 00 00 00 00 
31A0: 00 00 00 00 00 00 00 00 00 00 00 00 00 00 00 00 
31B0: 00 00 00 00 00 00 00 00 00 00 00 00 00 00 00 00 
31C0: 00 00 00 00 00 00 00 00 00 00 00 00 00 00 00 00 
31D0: 00 00 00 00 00 00 00 00 00 00 00 00 00 00 00 00 
31E0: 00 00 00 00 00 00 00 00 00 00 00 00 00 00 00 00 
31F0: 00 00 00 00 00 00 00 00 00 00 00 00 00 00 00 00 
3200: 00 00 00 00 00 00 00 00 00 00 00 00 00 00 00 00 
3210: 00 00 00 00 00 00 00 00 00 00 00 00 00 00 00 00 
3220: 00 00 00 00 00 00 00 00 00 00 00 00 00 00 00 00 
3230: 00 00 00 00 00 00 00 00 00 00 00 00 00 00 00 00 
3240: 00 00 00 00 00 00 00 00 00 00 00 00 00 00 00 00 
3250: 00 00 00 00 00 00 00 00 00 00 00 00 00 00 00 00 
3260: 00 00 00 00 00 00 00 00 00 00 00 00 00 00 00 00 
3270: 00 00 00 00 00 00 00 00 00 00 00 00 00 00 00 00 
3280: 00 00 00 00 00 00 00 00 00 00 00 00 00 00 00 00 
3290: 00 00 00 00 00 00 00 00 00 00 00 00 00 00 00 00 
32A0: 00 00 00 00 00 00 00 00 00 00 00 00 00 00 00 00 
32B0: 00 00 00 00 00 00 00 00 00 00 00 00 00 00 00 00 
32C0: 00 00 00 00 00 00 00 00 00 00 00 00 00 00 00 00 
32D0: 00 00 00 00 00 00 00 00 00 00 00 00 00 00 00 00 
32E0: 00 00 00 00 00 00 00 00 00 00 00 00 00 00 00 00 
32F0: 00 00 00 00 00 00 00 00 00 00 00 00 00 00 00 00 
3300: 00 00 00 00 00 00 00 00 00 00 00 00 00 00 00 00 
3310: 00 00 00 00 00 00 00 00 00 00 00 00 00 00 00 00 
3320: 00 00 00 00 00 00 00 00 00 00 00 00 00 00 00 00 
3330: 00 00 00 00 00 00 00 00 00 00 00 00 00 00 00 00 
3340: 00 00 00 00 00 00 00 00 00 00 00 00 00 00 00 00 
3350: 00 00 00 00 00 00 00 00 00 00 00 00 00 00 00 00 
3360: 00 00 00 00 00 00 00 00 00 00 00 00 00 00 00 00 
3370: 00 00 00 00 00 00 00 00 00 00 00 00 00 00 00 00 
3380: 00 00 00 00 00 00 00 00 00 00 00 00 00 00 00 00 
3390: 00 00 00 00 00 00 00 00 00 00 00 00 00 00 00 00 
33A0: 00 00 00 00 00 00 00 00 00 00 00 00 00 00 00 00 
33B0: 00 00 00 00 00 00 00 00 00 00 00 00 00 00 00 00 
33C0: 00 00 00 00 00 00 00 00 00 00 00 00 00 00 00 00 
33D0: 00 00 00 00 00 00 00 00 00 00 00 00 00 00 00 00 
33E0: 00 00 00 00 00 00 00 00 00 00 00 00 00 00 00 00 
33F0: 00 00 00 00 00 00 00 00 00 00 00 00 00 00 00 00 
3400: 00 00 00 00 00 00 00 00 00 00 00 00 00 00 00 00 
3410: 00 00 00 00 00 00 00 00 00 00 00 00 00 00 00 00 
3420: 00 00 00 00 00 00 00 00 00 00 00 00 00 00 00 00 
3430: 00 00 00 00 00 00 00 00 00 00 00 00 00 00 00 00 
3440: 00 00 00 00 00 00 00 00 00 00 00 00 00 00 00 00 
3450: 00 00 00 00 00 00 00 00 00 00 00 00 00 00 00 00 
3460: 00 00 00 00 00 00 00 00 00 00 00 00 00 00 00 00 
3470: 00 00 00 00 00 00 00 00 00 00 00 00 00 00 00 00 
3480: 00 00 00 00 00 00 00 00 00 00 00 00 00 00 00 00 
3490: 00 00 00 00 00 00 00 00 00 00 00 00 00 00 00 00 
34A0: 00 00 00 00 00 00 00 00 00 00 00 00 00 00 00 00 
34B0: 00 00 00 00 00 00 00 00 00 00 00 00 00 00 00 00 
34C0: 00 00 00 00 00 00 00 00 00 00 00 00 00 00 00 00 
34D0: 00 00 00 00 00 00 00 00 00 00 00 00 00 00 00 00 
34E0: 00 00 00 00 00 00 00 00 00 00 00 00 00 00 00 00 
34F0: 00 00 00 00 00 00 00 00 00 00 00 00 00 00 00 00 
3500: 00 00 00 00 00 00 00 00 00 00 00 00 00 00 00 00 
3510: 00 00 00 00 00 00 00 00 00 00 00 00 00 00 00 00 
3520: 00 00 00 00 00 00 00 00 00 00 00 00 00 00 00 00 
3530: 00 00 00 00 00 00 00 00 00 00 00 00 00 00 00 00 
3540: 00 00 00 00 00 00 00 00 00 00 00 00 00 00 00 00 
3550: 00 00 00 00 00 00 00 00 00 00 00 00 00 00 00 00 
3560: 00 00 00 00 00 00 00 00 00 00 00 00 00 00 00 00 
3570: 00 00 00 00 00 00 00 00 00 00 00 00 00 00 00 00 
3580: 00 00 00 00 00 00 00 00 00 00 00 00 00 00 00 00 
3590: 00 00 00 00 00 00 00 00 00 00 00 00 00 00 00 00 
35A0: 00 00 00 00 00 00 00 00 00 00 00 00 00 00 00 00 
35B0: 00 00 00 00 00 00 00 00 00 00 00 00 00 00 00 00 
35C0: 00 00 00 00 00 00 00 00 00 00 00 00 00 00 00 00 
35D0: 00 00 00 00 00 00 00 00 00 00 00 00 00 00 00 00 
35E0: 00 00 00 00 00 00 00 00 00 00 00 00 00 00 00 00 
35F0: 00 00 00 00 00 00 00 00 00 00 00 00 00 00 00 00 
3600: 00 00 00 00 00 00 00 00 00 00 00 00 00 00 00 00 
3610: 00 00 00 00 00 00 00 00 00 00 00 00 00 00 00 00 
3620: 00 00 00 00 00 00 00 00 00 00 00 00 00 00 00 00 
3630: 00 00 00 00 00 00 00 00 00 00 00 00 00 00 00 00 
3640: 00 00 00 00 00 00 00 00 00 00 00 00 00 00 00 00 
3650: 00 00 00 00 00 00 00 00 00 00 00 00 00 00 00 00 
3660: 00 00 00 00 00 00 00 00 00 00 00 00 00 00 00 00 
3670: 00 00 00 00 00 00 00 00 00 00 00 00 00 00 00 00 
3680: 00 00 00 00 00 00 00 00 00 00 00 00 00 00 00 00 
3690: 00 00 00 00 00 00 00 00 00 00 00 00 00 00 00 00 
36A0: 00 00 00 00 00 00 00 00 00 00 00 00 00 00 00 00 
36B0: 00 00 00 00 00 00 00 00 00 00 00 00 00 00 00 00 
36C0: 00 00 00 00 00 00 00 00 00 00 00 00 00 00 00 00 
36D0: 00 00 00 00 00 00 00 00 00 00 00 00 00 00 00 00 
36E0: 00 00 00 00 00 00 00 00 00 00 00 00 00 00 00 00 
36F0: 00 00 00 00 00 00 00 00 00 00 00 00 00 00 00 00 
3700: 00 00 00 00 00 00 00 00 00 00 00 00 00 00 00 00 
3710: 00 00 00 00 00 00 00 00 00 00 00 00 00 00 00 00 
3720: 00 00 00 00 00 00 00 00 00 00 00 00 00 00 00 00 
3730: 00 00 00 00 00 00 00 00 00 00 00 00 00 00 00 00 
3740: 00 00 00 00 00 00 00 00 00 00 00 00 00 00 00 00 
3750: 00 00 00 00 00 00 00 00 00 00 00 00 00 00 00 00 
3760: 00 00 00 00 00 00 00 00 00 00 00 00 00 00 00 00 
3770: 00 00 00 00 00 00 00 00 00 00 00 00 00 00 00 00 
3780: 00 00 00 00 00 00 00 00 00 00 00 00 00 00 00 00 
3790: 00 00 00 00 00 00 00 00 00 00 00 00 00 00 00 00 
37A0: 00 00 00 00 00 00 00 00 00 00 00 00 00 00 00 00 
37B0: 00 00 00 00 00 00 00 00 00 00 00 00 00 00 00 00 
37C0: 00 00 00 00 00 00 00 00 00 00 00 00 00 00 00 00 
37D0: 00 00 00 00 00 00 00 00 00 00 00 00 00 00 00 00 
37E0: 00 00 00 00 00 00 00 00 00 00 00 00 00 00 00 00 
37F0: 00 00 00 00 00 00 00 00 00 00 00 00 00 00 00 00 
3800: 00 00 00 00 00 00 00 00 00 00 00 00 00 00 00 00 
3810: 00 00 00 00 00 00 00 00 00 00 00 00 00 00 00 00 
3820: 00 00 00 00 00 00 00 00 00 00 00 00 00 00 00 00 
3830: 00 00 00 00 00 00 00 00 00 00 00 00 00 00 00 00 
3840: 00 00 00 00 00 00 00 00 00 00 00 00 00 00 00 00 
3850: 00 00 00 00 00 00 00 00 00 00 00 00 00 00 00 00 
3860: 00 00 00 00 00 00 00 00 00 00 00 00 00 00 00 00 
3870: 00 00 00 00 00 00 00 00 00 00 00 00 00 00 00 00 
3880: 00 00 00 00 00 00 00 00 00 00 00 00 00 00 00 00 
3890: 00 00 00 00 00 00 00 00 00 00 00 00 00 00 00 00 
38A0: 00 00 00 00 00 00 00 00 00 00 00 00 00 00 00 00 
38B0: 00 00 00 00 00 00 00 00 00 00 00 00 00 00 00 00 
38C0: 00 00 00 00 00 00 00 00 00 00 00 00 00 00 00 00 
38D0: 00 00 00 00 00 00 00 00 00 00 00 00 00 00 00 00 
38E0: 00 00 00 00 00 00 00 00 00 00 00 00 00 00 00 00 
38F0: 00 00 00 00 00 00 00 00 00 00 00 00 00 00 00 00 
3900: 00 00 00 00 00 00 00 00 00 00 00 00 00 00 00 00 
3910: 00 00 00 00 00 00 00 00 00 00 00 00 00 00 00 00 
3920: 00 00 00 00 00 00 00 00 00 00 00 00 00 00 00 00 
3930: 00 00 00 00 00 00 00 00 00 00 00 00 00 00 00 00 
3940: 00 00 00 00 00 00 00 00 00 00 00 00 00 00 00 00 
3950: 00 00 00 00 00 00 00 00 00 00 00 00 00 00 00 00 
3960: 00 00 00 00 00 00 00 00 00 00 00 00 00 00 00 00 
3970: 00 00 00 00 00 00 00 00 00 00 00 00 00 00 00 00 
3980: 00 00 00 00 00 00 00 00 00 00 00 00 00 00 00 00 
3990: 00 00 00 00 00 00 00 00 00 00 00 00 00 00 00 00 
39A0: 00 00 00 00 00 00 00 00 00 00 00 00 00 00 00 00 
39B0: 00 00 00 00 00 00 00 00 00 00 00 00 00 00 00 00 
39C0: 00 00 00 00 00 00 00 00 00 00 00 00 00 00 00 00 
39D0: 00 00 00 00 00 00 00 00 00 00 00 00 00 00 00 00 
39E0: 00 00 00 00 00 00 00 00 00 00 00 00 00 00 00 00 
39F0: 00 00 00 00 00 00 00 00 00 00 00 00 00 00 00 00 
3A00: 00 00 00 00 00 00 00 00 00 00 00 00 00 00 00 00 
3A10: 00 00 00 00 00 00 00 00 00 00 00 00 00 00 00 00 
3A20: 00 00 00 00 00 00 00 00 00 00 00 00 00 00 00 00 
3A30: 00 00 00 00 00 00 00 00 00 00 00 00 00 00 00 00 
3A40: 00 00 00 00 00 00 00 00 00 00 00 00 00 00 00 00 
3A50: 00 00 00 00 00 00 00 00 00 00 00 00 00 00 00 00 
3A60: 00 00 00 00 00 00 00 00 00 00 00 00 00 00 00 00 
3A70: 00 00 00 00 00 00 00 00 00 00 00 00 00 00 00 00 
3A80: 00 00 00 00 00 00 00 00 00 00 00 00 00 00 00 00 
3A90: 00 00 00 00 00 00 00 00 00 00 00 00 00 00 00 00 
3AA0: 00 00 00 00 00 00 00 00 00 00 00 00 00 00 00 00 
3AB0: 00 00 00 00 00 00 00 00 00 00 00 00 00 00 00 00 
3AC0: 00 00 00 00 00 00 00 00 00 00 00 00 00 00 00 00 
3AD0: 00 00 00 00 00 00 00 00 00 00 00 00 00 00 00 00 
3AE0: 00 00 00 00 00 00 00 00 00 00 00 00 00 00 00 00 
3AF0: 00 00 00 00 00 00 00 00 00 00 00 00 00 00 00 00 
3B00: 00 00 00 00 00 00 00 00 00 00 00 00 00 00 00 00 
3B10: 00 00 00 00 00 00 00 00 00 00 00 00 00 00 00 00 
3B20: 00 00 00 00 00 00 00 00 00 00 00 00 00 00 00 00 
3B30: 00 00 00 00 00 00 00 00 00 00 00 00 00 00 00 00 
3B40: 00 00 00 00 00 00 00 00 00 00 00 00 00 00 00 00 
3B50: 00 00 00 00 00 00 00 00 00 00 00 00 00 00 00 00 
3B60: 00 00 00 00 00 00 00 00 00 00 00 00 00 00 00 00 
3B70: 00 00 00 00 00 00 00 00 00 00 00 00 00 00 00 00 
3B80: 00 00 00 00 00 00 00 00 00 00 00 00 00 00 00 00 
3B90: 00 00 00 00 00 00 00 00 00 00 00 00 00 00 00 00 
3BA0: 00 00 00 00 00 00 00 00 00 00 00 00 00 00 00 00 
3BB0: 00 00 00 00 00 00 00 00 00 00 00 00 00 00 00 00 
3BC0: 00 00 00 00 00 00 00 00 00 00 00 00 00 00 00 00 
3BD0: 00 00 00 00 00 00 00 00 00 00 00 00 00 00 00 00 
3BE0: 00 00 00 00 00 00 00 00 00 00 00 00 00 00 00 00 
3BF0: 00 00 00 00 00 00 00 00 00 00 00 00 00 00 00 00 
3C00: 00 00 00 00 00 00 00 00 00 00 00 00 00 00 00 00 
3C10: 00 00 00 00 00 00 00 00 00 00 00 00 00 00 00 00 
3C20: 00 00 00 00 00 00 00 00 00 00 00 00 00 00 00 00 
3C30: 00 00 00 00 00 00 00 00 00 00 00 00 00 00 00 00 
3C40: 00 00 00 00 00 00 00 00 00 00 00 00 00 00 00 00 
3C50: 00 00 00 00 00 00 00 00 00 00 00 00 00 00 00 00 
3C60: 00 00 00 00 00 00 00 00 00 00 00 00 00 00 00 00 
3C70: 00 00 00 00 00 00 00 00 00 00 00 00 00 00 00 00 
3C80: 00 00 00 00 00 00 00 00 00 00 00 00 00 00 00 00 
3C90: 00 00 00 00 00 00 00 00 00 00 00 00 00 00 00 00 
3CA0: 00 00 00 00 00 00 00 00 00 00 00 00 00 00 00 00 
3CB0: 00 00 00 00 00 00 00 00 00 00 00 00 00 00 00 00 
3CC0: 00 00 00 00 00 00 00 00 00 00 00 00 00 00 00 00 
3CD0: 00 00 00 00 00 00 00 00 00 00 00 00 00 00 00 00 
3CE0: 00 00 00 00 00 00 00 00 00 00 00 00 00 00 00 00 
3CF0: 00 00 00 00 00 00 00 00 00 00 00 00 00 00 00 00 
3D00: 00 00 00 00 00 00 00 00 00 00 00 00 00 00 00 00 
3D10: 00 00 00 00 00 00 00 00 00 00 00 00 00 00 00 00 
3D20: 00 00 00 00 00 00 00 00 00 00 00 00 00 00 00 00 
3D30: 00 00 00 00 00 00 00 00 00 00 00 00 00 00 00 00 
3D40: 00 00 00 00 00 00 00 00 00 00 00 00 00 00 00 00 
3D50: 00 00 00 00 00 00 00 00 00 00 00 00 00 00 00 00 
3D60: 00 00 00 00 00 00 00 00 00 00 00 00 00 00 00 00 
3D70: 00 00 00 00 00 00 00 00 00 00 00 00 00 00 00 00 
3D80: 00 00 00 00 00 00 00 00 00 00 00 00 00 00 00 00 
3D90: 00 00 00 00 00 00 00 00 00 00 00 00 00 00 00 00 
3DA0: 00 00 00 00 00 00 00 00 00 00 00 00 00 00 00 00 
3DB0: 00 00 00 00 00 00 00 00 00 00 00 00 00 00 00 00 
3DC0: 00 00 00 00 00 00 00 00 00 00 00 00 00 00 00 00 
3DD0: 00 00 00 00 00 00 00 00 00 00 00 00 00 00 00 00 
3DE0: 00 00 00 00 00 00 00 00 00 00 00 00 00 00 00 00 
3DF0: 00 00 00 00 00 00 00 00 00 00 00 00 00 00 00 00 
3E00: 00 00 00 00 00 00 00 00 00 00 00 00 00 00 00 00 
3E10: 00 00 00 00 00 00 00 00 00 00 00 00 00 00 00 00 
3E20: 00 00 00 00 00 00 00 00 00 00 00 00 00 00 00 00 
3E30: 00 00 00 00 00 00 00 00 00 00 00 00 00 00 00 00 
3E40: 00 00 00 00 00 00 00 00 00 00 00 00 00 00 00 00 
3E50: 00 00 00 00 00 00 00 00 00 00 00 00 00 00 00 00 
3E60: 00 00 00 00 00 00 00 00 00 00 00 00 00 00 00 00 
3E70: 00 00 00 00 00 00 00 00 00 00 00 00 00 00 00 00 
3E80: 00 00 00 00 00 00 00 00 00 00 00 00 00 00 00 00 
3E90: 00 00 00 00 00 00 00 00 00 00 00 00 00 00 00 00 
3EA0: 00 00 00 00 00 00 00 00 00 00 00 00 00 00 00 00 
3EB0: 00 00 00 00 00 00 00 00 00 00 00 00 00 00 00 00 
3EC0: 00 00 00 00 00 00 00 00 00 00 00 00 00 00 00 00 
3ED0: 00 00 00 00 00 00 00 00 00 00 00 00 00 00 00 00 
3EE0: 00 00 00 00 00 00 00 00 00 00 00 00 00 00 00 00 
3EF0: 00 00 00 00 00 00 00 00 00 00 00 00 00 00 00 00 
3F00: 00 00 00 00 00 00 00 00 00 00 00 00 00 00 00 00 
3F10: 00 00 00 00 00 00 00 00 00 00 00 00 00 00 00 00 
3F20: 00 00 00 00 00 00 00 00 00 00 00 00 00 00 00 00 
3F30: 00 00 00 00 00 00 00 00 00 00 00 00 00 00 00 00 
3F40: 00 00 00 00 00 00 00 00 00 00 00 00 00 00 00 00 
3F50: 00 00 00 00 00 00 00 00 00 00 00 00 00 00 00 00 
3F60: 00 00 00 00 00 00 00 00 00 00 00 00 00 00 00 00 
3F70: 00 00 00 00 00 00 00 00 00 00 00 00 00 00 00 00 
3F80: 00 00 00 00 00 00 00 00 00 00 00 00 00 00 00 00 
3F90: 00 00 00 00 00 00 00 00 00 00 00 00 00 00 00 00 
3FA0: 00 00 00 00 00 00 00 00 00 00 00 00 00 00 00 00 
3FB0: 00 00 00 00 00 00 00 00 00 00 00 00 00 00 00 00 
3FC0: 00 00 00 00 00 00 00 00 00 00 00 00 00 00 00 00 
3FD0: 00 00 00 00 00 00 00 00 00 00 00 00 00 00 00 00 
3FE0: 00 00 00 00 00 00 00 00 00 00 00 00 00 00 00 00 
3FF0: 00 00 00 00 00 00 00 00 00 00 00 00 00 00 00 00 
